332.297832	1	304.641721	1	300.676436	1	300.982342	1	301.497705	1	307.766129	1	301.545219	1	300.142276	1	
328.662147	1	305.316961	1	300.683024	1	300.828822	1	300.121284	1	300.976893	1	300.181146	1	300.159520	1	
331.173685	1	305.209437	1	300.750130	1	301.252922	1	300.659020	1	305.550689	1	300.259336	1	300.165425	1	
328.221819	1	305.392227	1	300.712990	1	300.792067	1	300.247449	1	308.421880	1	300.272900	1	300.144536	1	
328.207721	1	305.814716	1	300.746583	1	301.216811	1	300.309240	1	309.543443	1	301.366010	1	300.163435	1	
325.082178	1	311.835650	1	300.661115	1	300.681123	1	301.668649	1	301.133731	1	300.919949	1	300.147787	1	
326.094215	1	312.626021	1	300.677007	1	300.671691	1	301.163792	1	300.925455	1	300.198536	1	300.143957	1	
325.826300	1	313.149650	1	300.232637	1	301.228312	1	300.108365	1	351.951721	1	300.920575	1	307.878101	1	
324.069994	1	313.006132	1	300.241466	1	320.969137	1	300.155356	1	352.873733	1	301.567830	1	300.146088	1	
325.062047	1	312.058058	1	300.590523	1	301.987318	1	300.106012	1	368.613581	1	301.182389	1	300.140896	1	
336.357504	1	304.285772	1	300.768508	1	301.053307	1	300.191213	1	315.356162	1	300.801971	1	300.164062	1	
334.466059	1	304.003636	1	300.579839	1	300.633985	1	300.494029	1	384.018150	1	300.843764	1	300.156993	1	
337.277002	1	303.906870	1	300.961138	1	301.243342	1	300.858964	1	301.365454	1	301.266410	1	300.162875	1	
337.216673	1	303.722103	1	300.866135	1	301.275838	1	302.734425	1	301.362664	1	70399.256309	1	300.163326	1	
335.592825	1	303.893355	1	300.685555	1	300.657138	1	300.091328	1	301.308262	1	301.087094	1	300.155836	1	
328.926920	1	302.678227	1	300.654644	1	300.884305	1	303.087782	1	308.067756	1	300.759374	1	300.149275	1	
328.286956	1	302.843960	1	300.725964	1	301.163874	1	300.135078	1	301.110094	1	301.520396	1	300.148861	1	
327.282584	1	302.230164	1	300.676377	1	300.689768	1	300.096569	1	301.222663	1	300.497328	1	300.143609	1	
326.795703	1	302.590050	1	300.667519	1	300.669077	1	300.126858	1	309.005794	1	301.038336	1	307.593183	1	
327.927756	1	302.214943	1	300.606159	1	300.673064	1	300.718539	1	308.032072	1	35269.415679	1	300.145224	1	
334.886234	1	311.479246	1	300.630027	1	301.080456	1	300.271620	1	301.840835	1	300.482951	1	300.144647	1	
337.092151	1	309.987787	1	300.873827	1	300.854344	1	300.091269	1	303.764796	1	300.177902	1	300.147409	1	
336.162894	1	310.647657	1	300.668992	1	301.139902	1	300.302325	1	300.625586	1	301.238195	1	300.149220	1	
334.979369	1	309.266460	1	300.688904	1	301.206436	1	300.093229	1	309.757677	1	301.008149	1	300.150669	1	
336.310082	1	310.005095	1	300.595618	1	301.159574	1	300.087656	1	301.089229	1	300.711348	1	300.152388	1	
336.325187	1	309.541270	1	300.865719	1	301.217205	1	300.136940	1	302.194754	1	301.256617	1	300.166407	1	
337.456260	1	310.499689	1	300.916410	1	301.316084	1	300.240647	1	314.897611	1	300.276673	1	300.160959	1	
340.427314	1	310.126434	1	300.926357	1	301.209545	1	300.299969	1	314.976723	1	300.303241	1	300.158098	1	
335.913671	1	308.980102	1	300.753961	1	301.123474	1	300.111148	1	301.290617	1	300.483848	1	300.167494	1	
337.504727	1	309.830852	1	300.893368	1	301.189496	1	300.544000	1	310.599417	1	300.222966	1	300.164306	1	
335.253423	1	306.643435	1	300.823839	1	300.830585	1	300.157894	1	309.549723	1	300.482184	1	300.163643	1	
344.003907	1	309.155325	1	301.236083	1	300.997154	1	300.965378	1	304.769046	1	300.601702	1	300.205826	1	
344.066221	1	307.990312	1	301.768307	1	300.940426	1	305.796219	1	312.362072	1	301.502832	1	300.246876	1	
351.779524	1	307.272211	1	301.792933	1	300.988541	1	301.858903	1	302.903928	1	301.722452	1	300.213911	1	
347.271870	1	307.550671	1	301.584051	1	301.071182	1	304.331724	1	306.707301	1	300.682009	1	300.251933	1	
353.545941	1	315.039786	1	301.250807	1	300.991212	1	301.076509	1	307.298791	1	301.289059	1	300.227727	1	
351.381933	1	314.814923	1	301.889130	1	300.965106	1	300.113208	1	309.101764	1	301.352705	1	300.206745	1	
335.700218	1	311.365588	1	300.808665	1	300.736290	1	300.257448	1	302.383082	1	300.538891	1	300.147999	1	
335.701913	1	310.936654	1	300.689168	1	300.935679	1	300.125663	1	304.962329	1	300.320085	1	300.146121	1	
335.968379	1	310.762609	1	300.747390	1	301.204698	1	300.102731	1	305.996188	1	300.235057	1	300.162953	1	
310.763034	1	42.349000	0	83.443700	0	176.123000	0	0.012000	0	15.633900	0	300.509982	1	0.152199	0	
311.414045	1	42.856500	0	85.675600	0	257.869000	0	0.016000	0	16.021900	0	300.245441	1	0.152708	0	
311.136543	1	40.539500	0	79.043900	0	246.685000	0	0.016000	0	15.218100	0	300.442780	1	0.144079	0	
311.084827	1	42.448100	0	81.758300	0	177.270000	0	0.016000	0	15.679400	0	301.251604	1	0.148003	0	
172.077000	0	40.098400	0	81.095800	0	173.271000	0	0.015898	0	15.658100	0	301.048813	1	0.149131	0	
