325.482870	1	302.406789	1	300.239879	1	300.738382	1	8.415610	0	300.336312	1	300.656421	1	219.343000	0	
324.279645	1	302.165078	1	300.247463	1	300.837168	1	12.135300	0	375.864772	1	301.318525	1	234.661000	0	
326.046111	1	302.606227	1	300.227242	1	300.712529	1	10.459800	0	376.345912	1	301.603625	1	184.676000	0	
326.536078	1	302.495976	1	300.245166	1	300.776903	1	16.428800	0	377.296542	1	300.421222	1	307.967212	1	
313.484229	1	302.171856	1	300.250974	1	300.755796	1	14.871900	0	369.098905	1	301.269891	1	308.957403	1	
671.058180	1	474.220328	1	300.784115	1	301.238056	1	41.969600	0	310.664949	1	301.484798	1	300.145454	1	
334.658759	1	310.799767	1	300.739421	1	301.221143	1	20.809200	0	300.187025	1	300.303396	1	300.144422	1	
334.444667	1	311.953586	1	300.473918	1	300.618067	1	32.559900	0	300.778453	1	301.098617	1	300.144188	1	
334.970772	1	312.114645	1	300.736593	1	301.058786	1	22.005100	0	388.021228	1	301.552431	1	300.141135	1	
335.698416	1	310.163441	1	300.734122	1	300.805792	1	37.541700	0	312.295608	1	301.488865	1	300.148585	1	
334.737063	1	304.160911	1	300.794269	1	301.256792	1	98.508100	0	301.144578	1	301.075812	1	300.159029	1	
333.344525	1	303.501589	1	300.742630	1	301.390500	1	75.610700	0	386.867951	1	300.449388	1	300.163362	1	
257.976000	0	298.568000	0	300.624891	1	300.662731	1	83.916900	0	386.629457	1	300.124673	1	300.154761	1	
337.147464	1	303.517614	1	300.918379	1	301.311247	1	93.263800	0	318.174683	1	301.330097	1	300.169658	1	
336.589554	1	303.759873	1	300.774218	1	301.414729	1	97.951700	0	300.435889	1	301.555442	1	300.162781	1	
321.824955	1	305.713306	1	300.285520	1	300.763669	1	196.257000	0	375.928422	1	301.513625	1	300.145385	1	
311.232263	1	301.753323	1	300.291393	1	300.734304	1	306.131265	1	303.963363	1	300.851648	1	300.145458	1	
311.172797	1	301.780156	1	300.301880	1	300.742517	1	167.191000	0	303.867059	1	301.649213	1	300.155428	1	
321.398689	1	301.795276	1	300.303978	1	300.751685	1	159.030000	0	387.633061	1	301.553926	1	300.148234	1	
311.162854	1	306.171328	1	300.290077	1	300.771253	1	300.180452	1	300.742676	1	300.864839	1	300.132658	1	
326.929028	1	302.464047	1	300.571224	1	301.641270	1	0.268000	0	300.425786	1	300.235116	1	3.984880	0	
328.283986	1	302.709203	1	300.621787	1	301.243705	1	0.296001	0	302.161828	1	300.726656	1	4.200430	0	
327.889640	1	302.517809	1	300.545778	1	301.305568	1	0.272000	0	376.556727	1	301.107326	1	3.991980	0	
328.344148	1	302.686417	1	300.707020	1	301.292118	1	0.253062	0	304.761437	1	300.517668	1	3.864000	0	
327.846950	1	302.598412	1	300.612415	1	301.503034	1	0.276001	0	311.543021	1	300.468077	1	3.914580	0	
324.149586	1	306.672079	1	300.230324	1	301.123009	1	300.106481	1	300.936904	1	300.134206	1	301.182764	1	
326.544145	1	306.879608	1	300.691493	1	301.984098	1	300.315735	1	306.100963	1	301.521623	1	300.162848	1	
316.701355	1	306.081462	1	300.564542	1	301.263063	1	300.130488	1	305.824412	1	300.746576	1	300.146699	1	
325.289583	1	307.136090	1	300.229624	1	301.452005	1	300.148017	1	302.825391	1	301.217233	1	300.152562	1	
327.898162	1	307.169679	1	300.749627	1	301.261015	1	303.957788	1	310.291296	1	300.435813	1	300.162752	1	
327.176676	1	306.975762	1	300.591433	1	300.658346	1	300.459015	1	302.102837	1	300.197418	1	300.145511	1	
327.784531	1	307.719327	1	300.545913	1	300.649668	1	300.375760	1	40941.160314	1	302.242318	1	300.139211	1	
327.251845	1	307.452332	1	300.677195	1	301.334726	1	244.403000	0	301.938474	1	301.538734	1	300.162422	1	
327.902376	1	307.965623	1	300.628806	1	301.302537	1	300.613590	1	306.287604	1	301.521654	1	300.147266	1	
328.520129	1	306.810323	1	300.635712	1	301.208985	1	300.251434	1	311.206182	1	300.570093	1	300.158826	1	
326.881861	1	302.334127	1	300.591544	1	301.221187	1	176.223000	0	300.252427	1	300.900312	1	300.152051	1	
324.925129	1	302.001986	1	300.246558	1	301.170671	1	150.784000	0	302.013219	1	300.384505	1	300.145120	1	
327.354764	1	302.171549	1	300.665431	1	306.411958	1	89.635700	0	302.089300	1	301.427812	1	300.150207	1	
324.566619	1	302.205050	1	300.609011	1	302.122618	1	153.995000	0	306.739839	1	300.659016	1	300.144552	1	
316.258727	1	302.336161	1	300.596907	1	301.894457	1	79.559800	0	301.922034	1	300.219996	1	300.146469	1	
327.165236	1	305.896961	1	300.649196	1	301.326657	1	300.567030	1	301.125557	1	300.838714	1	300.153683	1	
333.145636	1	304.420594	1	300.724446	1	301.347122	1	250.997000	0	301.073552	1	301.367420	1	300.161984	1	
326.887441	1	305.390683	1	300.719546	1	301.332003	1	143.206000	0	301.005758	1	301.008098	1	305.607198	1	
328.148332	1	305.684311	1	300.632009	1	301.306266	1	127.127000	0	300.784983	1	301.490141	1	300.160325	1	
327.279397	1	304.478045	1	300.552509	1	301.171626	1	300.305626	1	300.545481	1	300.464413	1	300.164554	1	
