381.275402	1	330.779391	1	301.008697	1	301.228091	1	0.843904	0	304.212623	1	301.247927	1	38.842100	0	
348.228202	1	324.027897	1	301.155923	1	301.184856	1	1.683950	0	304.121674	1	301.276424	1	31.935200	0	
343.416111	1	321.091721	1	301.138672	1	301.111104	1	0.927985	0	302.887691	1	301.593741	1	23.485500	0	
334.937081	1	315.814843	1	300.960078	1	300.845388	1	0.835983	0	303.045055	1	301.620356	1	13.782200	0	
334.726878	1	320.853365	1	300.741397	1	301.321632	1	0.672000	0	301.977703	1	301.520912	1	20.464000	0	
6.754900	0	5.447770	0	0.000000	0	0.000000	0	0.000000	0	0.000000	0	0.000000	0	0.012317	0	
6.520320	0	5.203340	0	0.000000	0	0.000000	0	0.000000	0	0.000000	0	0.000000	0	0.012000	0	
6.605030	0	5.245400	0	0.000000	0	0.000000	0	0.000000	0	0.000000	0	0.000000	0	0.012321	0	
6.612520	0	5.219910	0	0.000000	0	0.000000	0	0.000000	0	0.000000	0	0.000000	0	0.012261	0	
6.797740	0	5.351990	0	0.000000	0	0.000000	0	0.000000	0	0.000000	0	0.000000	0	0.010727	0	
322.121640	1	306.349206	1	300.877262	1	301.969479	1	3.663690	0	303.178762	1	300.901478	1	135.458000	0	
367.663122	1	317.378021	1	301.122429	1	302.544108	1	6.003640	0	300.374020	1	301.961825	1	226.263000	0	
419.880731	1	316.115392	1	301.316799	1	302.365768	1	6.675870	0	323.195520	1	302.817193	1	191.001000	0	
434.403082	1	321.422256	1	301.336401	1	302.598049	1	7.326290	0	319.333047	1	300.349442	1	258.298000	0	
438.957273	1	317.664580	1	303.175537	1	302.699762	1	6.208140	0	309.375043	1	300.568377	1	246.925000	0	
418.446616	1	348.232716	1	303.041714	1	302.457071	1	3.344190	0	303.303842	1	302.525137	1	106.099000	0	
419.282186	1	350.558831	1	301.529583	1	302.661809	1	2.921280	0	333.501062	1	300.449537	1	86.057700	0	
423.173981	1	347.627513	1	301.467307	1	302.695022	1	1.851450	0	325.203665	1	302.024730	1	115.042000	0	
422.594532	1	349.126919	1	301.478699	1	302.675978	1	2.782570	0	305.291789	1	300.376680	1	95.163900	0	
415.468624	1	344.795166	1	301.354976	1	303.203873	1	2.450750	0	331.468405	1	300.423877	1	72.800200	0	
378.704843	1	339.115494	1	303.091641	1	302.923206	1	0.276008	0	307.808906	1	302.007760	1	6.074810	0	
380.628707	1	352.287363	1	301.395458	1	302.999506	1	0.287398	0	309.207620	1	301.650651	1	5.483250	0	
380.637550	1	318.532191	1	302.808969	1	302.605667	1	0.259963	0	303.301285	1	302.993591	1	5.435300	0	
430.921041	1	312.039422	1	301.538166	1	303.087508	1	0.292592	0	307.637497	1	302.269681	1	6.130810	0	
380.856168	1	351.232770	1	301.439403	1	302.980509	1	0.284667	0	309.939281	1	302.596397	1	5.814230	0	
418.049552	1	333.661131	1	302.836245	1	303.034249	1	0.284001	0	313.290103	1	301.376093	1	6.132500	0	
401.609887	1	329.913550	1	301.272555	1	302.900537	1	0.284909	0	305.501748	1	303.134558	1	6.097980	0	
402.025329	1	329.638323	1	301.341279	1	302.940463	1	0.303661	0	344.057163	1	302.433943	1	5.135470	0	
380.150436	1	321.383162	1	302.248117	1	301.615112	1	0.284000	0	300.792027	1	302.137145	1	4.656880	0	
355.117174	1	312.568835	1	300.675361	1	301.225867	1	0.160002	0	227.018000	0	301.389856	1	4.773300	0	
332.497894	1	142.479000	0	134.633000	0	301.313166	1	0.024000	0	28.059300	0	300.534726	1	0.247517	0	
330.251445	1	139.058000	0	139.264000	0	301.001743	1	0.023951	0	25.337800	0	301.745749	1	0.173164	0	
314.404383	1	78.311200	0	92.584800	0	221.535000	0	0.012283	0	17.178900	0	300.424942	1	0.160259	0	
312.644542	1	53.457400	0	85.706400	0	188.230000	0	0.016000	0	16.316400	0	300.542141	1	0.151017	0	
310.775286	1	40.740600	0	83.659800	0	243.818000	0	0.016000	0	15.837000	0	300.095422	1	0.157351	0	
320.468908	1	303.903481	1	306.729889	1	300.837803	1	0.076001	0	113.769000	0	300.433872	1	1.048330	0	
325.766622	1	304.806066	1	300.390625	1	300.762116	1	0.068000	0	110.510000	0	300.511679	1	0.968243	0	
322.793563	1	303.312403	1	300.364466	1	300.743530	1	0.072000	0	112.421000	0	300.133306	1	0.987962	0	
326.021836	1	304.040368	1	300.294178	1	300.764420	1	0.068002	0	112.764000	0	300.287026	1	0.971951	0	
325.095222	1	303.548430	1	300.283013	1	300.757667	1	0.072002	0	112.330000	0	300.559175	1	0.984042	0	
336.685009	1	303.652492	1	300.874413	1	301.422393	1	0.880003	0	302.668385	1	301.230825	1	15.711000	0	
336.232187	1	303.580089	1	300.838641	1	301.395730	1	0.955846	0	302.237556	1	301.144729	1	11.633800	0	
334.833701	1	303.405247	1	300.713357	1	300.793132	1	0.896006	0	300.430556	1	300.277520	1	13.807500	0	
360.265621	1	314.699321	1	302.439402	1	302.582834	1	1.753140	0	300.324379	1	301.016537	1	51.409500	0	
398.759758	1	314.659848	1	302.302656	1	302.517808	1	1.327820	0	302.568160	1	302.719064	1	56.382200	0	
