392.186397	1	342.293130	1	302.370521	1	301.908693	1	5.571740	0	302.201309	1	300.465494	1	244.853000	0	
408.370676	1	345.565818	1	302.539807	1	302.719676	1	7.137100	0	322.281784	1	300.730178	1	230.215000	0	
400.092460	1	342.226627	1	302.231968	1	301.956610	1	3.915680	0	300.661463	1	300.915402	1	207.338000	0	
397.815180	1	345.148884	1	302.508743	1	301.928416	1	7.125060	0	302.052392	1	301.830744	1	216.095000	0	
401.278478	1	337.578067	1	302.283093	1	301.890379	1	5.679760	0	302.015448	1	302.533283	1	245.075000	0	
407.929437	1	337.511786	1	302.521298	1	302.393695	1	0.544024	0	302.457588	1	300.632313	1	13.351100	0	
384.543249	1	331.366465	1	302.398983	1	301.969658	1	0.503147	0	302.864209	1	302.057577	1	12.096100	0	
405.855598	1	337.473851	1	301.187907	1	302.761043	1	0.543109	0	304.902754	1	300.718108	1	14.348800	0	
356.104243	1	337.859285	1	302.394697	1	302.151078	1	0.511980	0	301.444115	1	302.525485	1	11.892900	0	
406.693617	1	333.412615	1	302.397550	1	301.922018	1	0.575307	0	302.974029	1	300.509794	1	13.078600	0	
387.719079	1	333.625259	1	302.368319	1	301.960598	1	8.556580	0	301.722680	1	300.270077	1	263.193000	0	
397.131732	1	335.234920	1	302.343863	1	301.965988	1	13.103700	0	302.433874	1	301.305011	1	300.407796	1	
399.051358	1	335.961730	1	302.438628	1	301.823700	1	13.910700	0	313.644665	1	302.367736	1	280.819000	0	
387.216222	1	333.746661	1	301.105374	1	301.861897	1	15.449800	0	308.816281	1	301.842561	1	280.976000	0	
380.627500	1	328.991862	1	302.212496	1	301.785692	1	15.925000	0	380.500202	1	300.265074	1	282.678000	0	
15.727700	0	12.302300	0	0.000000	0	0.000000	0	0.000000	0	0.000000	0	0.000000	0	0.019920	0	
14.995400	0	11.459400	0	0.000000	0	0.000000	0	0.000000	0	0.000000	0	0.000000	0	0.018749	0	
16.101500	0	12.215300	0	0.000000	0	0.000000	0	0.000000	0	0.000000	0	0.000000	0	0.020011	0	
17.554000	0	12.651400	0	0.000000	0	0.000000	0	0.000000	0	0.000000	0	0.000000	0	0.016802	0	
17.101200	0	12.579400	0	0.000000	0	0.000000	0	0.000000	0	0.000000	0	0.000000	0	0.020661	0	
349.940576	1	310.425798	1	302.198929	1	301.390289	1	39.070300	0	354.521341	1	302.332289	1	300.363704	1	
388.547591	1	312.684266	1	301.041091	1	301.726627	1	39.378600	0	398.635527	1	301.560134	1	300.337023	1	
377.421334	1	311.232184	1	302.234270	1	301.463733	1	78.470800	0	360.378083	1	302.079839	1	32843.774700	1	
377.130514	1	310.895258	1	300.964491	1	302.103912	1	55.983700	0	349.533839	1	300.555407	1	300.313354	1	
369.504996	1	316.741479	1	302.396136	1	302.275077	1	35.536400	0	406.964261	1	302.467635	1	300.483761	1	
380.917142	1	336.672407	1	302.229905	1	302.156864	1	224.549000	0	301.147449	1	301.803639	1	300.495149	1	
366.014221	1	335.772608	1	302.316408	1	301.150043	1	208.587000	0	300.437065	1	302.196685	1	300.477546	1	
379.690614	1	332.432284	1	302.187456	1	301.972314	1	249.621000	0	393.482643	1	300.921281	1	300.417491	1	
365.966362	1	331.726443	1	302.031507	1	332.175353	1	255.329000	0	301.295716	1	301.046975	1	300.436246	1	
370.776175	1	335.091293	1	302.019257	1	301.105427	1	43.930200	0	387.171692	1	301.847660	1	300.435772	1	
389.164513	1	327.680594	1	302.286945	1	301.995719	1	5.892360	0	307.476192	1	300.241834	1	200.178000	0	
386.229755	1	325.914892	1	301.159717	1	302.608860	1	4.017910	0	312.881643	1	300.945076	1	224.208000	0	
391.246529	1	324.988640	1	302.371757	1	301.892261	1	6.971530	0	302.128128	1	300.467852	1	293.159000	0	
389.702310	1	326.301798	1	302.304938	1	301.996236	1	6.415800	0	310.810434	1	300.487022	1	300.399015	1	
356.223334	1	324.713910	1	302.241596	1	302.055337	1	9.152920	0	311.547847	1	300.429200	1	300.276376	1	
371.716806	1	314.115685	1	302.101181	1	301.314451	1	0.483989	0	302.406702	1	301.873203	1	10.950100	0	
375.182662	1	314.162097	1	302.174577	1	301.259565	1	0.503039	0	302.581647	1	301.129539	1	11.025600	0	
373.244760	1	314.011120	1	302.233558	1	301.267040	1	0.531805	0	308.068230	1	301.725018	1	6.458290	0	
333.419825	1	306.095590	1	301.854669	1	307.159473	1	0.551926	0	302.936315	1	301.491889	1	7.896650	0	
335.798898	1	305.997342	1	301.951655	1	312.615187	1	0.483997	0	302.804042	1	300.786176	1	5.786940	0	
354.532971	1	317.439222	1	300.929342	1	301.174747	1	0.559827	0	333.460849	1	300.374859	1	8.062890	0	
359.942019	1	319.542729	1	300.907662	1	301.104223	1	0.531802	0	327.472502	1	300.484300	1	7.696450	0	
349.755853	1	317.006479	1	300.837460	1	300.935954	1	0.571972	0	303.042457	1	301.443773	1	5.800940	0	
344.316672	1	314.333936	1	300.881395	1	300.939745	1	0.531690	0	303.449403	1	301.527892	1	6.371490	0	
346.475336	1	314.582173	1	300.887593	1	300.912969	1	0.587860	0	307.368457	1	301.100550	1	5.816790	0	
