327.043610	1	319.565855	1	301.771629	1	307.245756	1	0.044134	0	60.931100	0	300.173464	1	0.590168	0	
327.285254	1	312.632727	1	301.738945	1	311.988246	1	0.052003	0	62.049600	0	300.746101	1	0.592207	0	
327.561567	1	315.799523	1	301.672426	1	303.157161	1	0.043992	0	59.741500	0	300.401232	1	0.557193	0	
137.857000	0	159.492000	0	300.295618	1	300.879823	1	0.035196	0	45.754200	0	300.150936	1	0.412527	0	
319.662606	1	310.474388	1	300.299619	1	300.916208	1	0.031999	0	46.999600	0	300.137660	1	0.795484	0	
356.681038	1	319.645476	1	300.905584	1	300.980950	1	42.969300	0	308.979002	1	300.907409	1	300.239295	1	
350.228394	1	321.024463	1	302.015513	1	301.006269	1	54.458600	0	308.023346	1	300.741248	1	300.257817	1	
354.453739	1	322.859779	1	300.873938	1	301.075506	1	41.964800	0	315.428320	1	301.231933	1	300.238964	1	
348.789359	1	321.498457	1	300.885730	1	300.960371	1	58.013800	0	304.248049	1	301.017735	1	300.208602	1	
345.132526	1	316.187229	1	300.880010	1	300.934075	1	48.094500	0	304.232631	1	300.482097	1	300.205485	1	
352.350773	1	305.981156	1	300.822269	1	300.892944	1	187.199000	0	311.873896	1	301.075221	1	300.205711	1	
349.227032	1	304.853423	1	300.830809	1	300.887643	1	159.981000	0	304.704089	1	300.323165	1	300.230567	1	
345.396713	1	305.722723	1	300.838784	1	300.879445	1	187.391000	0	302.967170	1	300.981804	1	300.208850	1	
340.653783	1	305.855261	1	301.858497	1	300.858961	1	300.497004	1	302.638743	1	301.406312	1	300.204424	1	
349.007023	1	304.477674	1	301.890101	1	300.863978	1	205.898000	0	307.686166	1	300.321049	1	300.199796	1	
330.978997	1	318.815168	1	301.761876	1	301.356126	1	43.113700	0	305.726440	1	301.457009	1	300.191897	1	
330.260437	1	319.660870	1	301.855644	1	301.624667	1	21.616000	0	302.481778	1	301.172419	1	272.154000	0	
329.666969	1	317.561064	1	301.686363	1	301.262425	1	31.371800	0	302.376705	1	300.210421	1	300.179871	1	
317.573772	1	319.841387	1	301.840148	1	301.414423	1	37.795100	0	302.620629	1	300.653301	1	300.193166	1	
331.150295	1	318.771695	1	301.921980	1	301.469821	1	23.097700	0	302.581288	1	301.399563	1	300.185890	1	
9.716080	0	7.716060	0	0.000000	0	0.000000	0	0.000000	0	0.000000	0	0.000000	0	0.017032	0	
10.556800	0	8.207870	0	0.004000	0	0.000000	0	0.000000	0	0.000000	0	0.000000	0	0.016759	0	
10.058100	0	7.912000	0	0.000000	0	0.000000	0	0.000000	0	0.000000	0	0.000000	0	0.016340	0	
10.128800	0	7.932050	0	0.000000	0	0.000000	0	0.004000	0	0.000000	0	0.000000	0	0.016325	0	
10.797100	0	8.231970	0	0.004000	0	0.000000	0	0.000000	0	0.000000	0	0.000000	0	0.017215	0	
330.088697	1	305.528975	1	300.844148	1	300.930055	1	300.185966	1	305.315586	1	300.877234	1	300.206928	1	
354.667164	1	305.762747	1	300.881575	1	300.966235	1	234.058000	0	315.985591	1	301.064915	1	300.211735	1	
354.771919	1	305.412017	1	300.852714	1	301.015514	1	308.454884	1	303.423160	1	301.467652	1	300.201650	1	
342.814452	1	307.517372	1	301.819112	1	300.889724	1	136.832000	0	302.640343	1	301.196275	1	300.202312	1	
346.460429	1	305.184081	1	301.909386	1	300.909946	1	178.686000	0	302.848537	1	300.294741	1	300.374798	1	
340.902639	1	303.205383	1	301.787057	1	301.079635	1	1.191910	0	303.472219	1	302.485802	1	25.063100	0	
342.295916	1	303.962954	1	300.306195	1	300.722279	1	1.115990	0	301.955169	1	301.187312	1	16.504300	0	
326.513951	1	306.423332	1	301.608286	1	301.637468	1	1.407940	0	302.576142	1	300.952871	1	16.656900	0	
322.102387	1	302.226841	1	300.276807	1	301.308111	1	1.501330	0	302.857108	1	35946.404736	1	21.973500	0	
335.544471	1	303.240351	1	301.801107	1	301.021709	1	1.311810	0	302.589158	1	301.412367	1	19.337500	0	
338.180911	1	304.234287	1	301.891992	1	300.932731	1	0.531423	0	303.686031	1	300.422626	1	6.934360	0	
325.154235	1	304.378812	1	301.984643	1	300.968951	1	0.527998	0	309.217747	1	301.564144	1	6.468520	0	
339.909716	1	303.927481	1	301.843987	1	300.938151	1	0.555988	0	302.715366	1	300.957236	1	7.313880	0	
340.435068	1	304.014924	1	301.935553	1	300.939699	1	0.584048	0	302.759806	1	301.186180	1	6.231410	0	
340.762888	1	304.193485	1	300.939211	1	300.961906	1	0.543963	0	305.326278	1	301.649679	1	7.142540	0	
349.997102	1	312.844233	1	300.845364	1	300.961293	1	38.109200	0	306.430211	1	300.545238	1	300.220206	1	
349.869093	1	313.330937	1	300.849624	1	300.942116	1	41.544100	0	303.242371	1	301.382581	1	300.216919	1	
349.268444	1	311.871905	1	301.973236	1	300.992550	1	42.474500	0	306.745442	1	300.752618	1	300.228395	1	
351.914933	1	313.450369	1	301.984768	1	300.952370	1	31.701300	0	303.757673	1	301.259874	1	300.226521	1	
353.488777	1	313.532771	1	302.096537	1	301.015200	1	34.714400	0	305.443966	1	301.379756	1	300.223813	1	
