351.964500	1	305.606809	1	300.868257	1	301.011458	1	0.124003	0	158.392000	0	301.718808	1	1.407060	0	
352.238077	1	306.527107	1	300.877320	1	300.971268	1	0.116017	0	155.513000	0	300.494808	1	1.402510	0	
347.865440	1	306.018260	1	301.937934	1	300.944887	1	0.119911	0	151.643000	0	301.198036	1	1.392650	0	
333.045852	1	305.485176	1	300.981303	1	300.939270	1	0.126033	0	157.787000	0	301.113367	1	1.421230	0	
347.484774	1	306.659249	1	300.857662	1	300.957629	1	0.120005	0	155.303000	0	300.538756	1	1.408390	0	
343.861240	1	315.258018	1	301.994343	1	300.906365	1	300.307604	1	303.640477	1	300.659998	1	300.224548	1	
341.605113	1	315.207478	1	301.980984	1	300.942151	1	300.153200	1	305.960322	1	301.458198	1	300.227747	1	
347.990576	1	321.907684	1	301.951919	1	300.911239	1	300.251431	1	306.399097	1	300.649357	1	300.215919	1	
346.466287	1	318.106887	1	300.851495	1	300.932499	1	300.226489	1	307.094805	1	300.642243	1	300.219546	1	
346.684218	1	316.787396	1	301.971201	1	300.923350	1	301.557695	1	306.851139	1	300.665027	1	300.213639	1	
330.967013	1	315.487951	1	301.787847	1	301.691338	1	0.515933	0	302.588137	1	301.429855	1	5.583180	0	
316.696485	1	316.869471	1	301.708442	1	300.947071	1	0.503979	0	305.480430	1	301.516399	1	5.147930	0	
331.793045	1	317.848164	1	301.762531	1	301.602870	1	0.530885	0	305.752397	1	31324.997964	1	5.283020	0	
329.533969	1	313.925398	1	301.712545	1	301.658263	1	0.504005	0	302.800766	1	301.284330	1	5.505560	0	
330.098841	1	316.001358	1	301.752793	1	300.951219	1	0.499628	0	302.569678	1	300.372219	1	5.166960	0	
348.540134	1	305.118522	1	300.798747	1	300.881125	1	304.349191	1	302.818257	1	300.130008	1	300.208551	1	
345.264811	1	305.486318	1	301.912702	1	300.919026	1	300.169751	1	302.925161	1	301.193373	1	300.208723	1	
347.626076	1	305.428699	1	301.951022	1	300.904740	1	300.184844	1	312.096193	1	300.744535	1	300.213533	1	
348.329064	1	305.279203	1	301.943155	1	300.902837	1	300.752776	1	305.112458	1	300.842741	1	300.217683	1	
347.400288	1	305.219484	1	300.848168	1	300.938701	1	300.141210	1	302.703743	1	301.256882	1	300.205892	1	
336.479392	1	303.030098	1	302.000809	1	301.035335	1	312.033084	1	302.767889	1	300.159440	1	300.211615	1	
338.549003	1	303.864503	1	301.880311	1	300.960927	1	300.462904	1	302.832752	1	301.298049	1	300.214244	1	
333.835717	1	302.974789	1	301.776627	1	300.976577	1	300.333687	1	302.574064	1	301.672233	1	300.211467	1	
334.870868	1	303.258455	1	301.780978	1	300.943654	1	300.345720	1	302.581883	1	301.475490	1	300.202460	1	
339.271346	1	303.681165	1	301.978208	1	301.018659	1	316.801453	1	315.261493	1	300.725902	1	300.215132	1	
339.219798	1	324.225756	1	301.898791	1	300.892268	1	302.172958	1	304.150159	1	301.193842	1	300.210089	1	
338.975171	1	317.111421	1	301.822560	1	300.890723	1	300.323313	1	302.586826	1	300.872309	1	300.222466	1	
339.594537	1	319.463079	1	301.834305	1	300.884486	1	304.743538	1	304.703924	1	300.449884	1	300.207475	1	
338.155705	1	327.842421	1	300.837688	1	300.915369	1	301.049200	1	304.089920	1	301.285277	1	300.222998	1	
338.906967	1	317.333626	1	301.867094	1	300.860918	1	306.263938	1	302.950999	1	300.710559	1	300.217797	1	
349.855084	1	318.581122	1	300.915322	1	300.909513	1	309.557464	1	307.011989	1	300.509932	1	300.209476	1	
350.129799	1	316.626980	1	300.900502	1	300.906924	1	301.056199	1	308.709464	1	300.658905	1	300.227003	1	
350.359320	1	317.210797	1	300.875057	1	300.925124	1	300.163485	1	308.038137	1	300.160760	1	300.226170	1	
349.657792	1	315.027439	1	300.878981	1	300.905997	1	302.721083	1	368.509406	1	300.671169	1	300.230943	1	
350.073303	1	316.899374	1	300.843747	1	300.956048	1	300.163689	1	302.937890	1	300.405366	1	300.225471	1	
341.702127	1	317.764464	1	301.948379	1	300.979710	1	5.741050	0	38482.835228	1	300.589456	1	80.186900	0	
347.810176	1	319.037208	1	300.861026	1	300.821294	1	8.255430	0	302.164144	1	300.968003	1	61.649200	0	
329.223967	1	313.081113	1	300.653301	1	311.112647	1	7.347470	0	315.793573	1	300.407679	1	74.998800	0	
328.988131	1	313.491781	1	300.709397	1	300.545482	1	3.383970	0	312.464086	1	301.177196	1	54.096900	0	
329.004173	1	314.040448	1	300.776202	1	303.740821	1	3.811950	0	310.421127	1	301.164305	1	68.107000	0	
336.773981	1	312.152307	1	300.842766	1	301.192726	1	300.451863	1	303.397881	1	301.193819	1	300.159363	1	
335.898910	1	310.144442	1	300.799357	1	301.271422	1	300.381639	1	306.816527	1	301.565860	1	300.144408	1	
335.001258	1	309.661966	1	300.680962	1	301.176317	1	301.058723	1	301.116032	1	300.536078	1	301.856271	1	
336.373145	1	311.368003	1	300.820105	1	301.186949	1	301.008915	1	313.439241	1	300.182629	1	300.155284	1	
336.521225	1	311.387303	1	300.914033	1	301.320194	1	300.105998	1	303.223497	1	301.330253	1	300.145868	1	
