325.319108	1	302.273598	1	300.216944	1	39518.203685	1	0.296000	0	378.864598	1	603.594272	1	4.048050	0	
328.033346	1	302.475538	1	300.637551	1	301.228548	1	0.316001	0	305.576899	1	645.912787	1	4.591290	0	
326.199768	1	302.461406	1	300.576904	1	301.251627	1	0.319946	0	302.014003	1	628.321847	1	4.554710	0	
327.479470	1	302.550407	1	300.623621	1	301.265532	1	0.331998	0	302.077092	1	641.784270	1	4.299910	0	
328.915416	1	302.645029	1	300.709766	1	301.500157	1	0.319997	0	308.288306	1	675.461623	1	4.347890	0	
310.180172	1	38.984200	0	81.983900	0	171.439000	0	0.012000	0	15.820000	0	661.517322	1	0.144362	0	
310.308296	1	41.620600	0	83.902000	0	172.328000	0	0.012000	0	16.009600	0	679.951995	1	0.148000	0	
311.698517	1	45.382600	0	86.070100	0	175.251000	0	0.016000	0	15.831200	0	690.902501	1	0.141401	0	
310.223605	1	40.464600	0	80.954400	0	168.394000	0	0.016000	0	15.444500	0	649.191491	1	0.147999	0	
310.252132	1	38.217800	0	83.611700	0	175.675000	0	0.012000	0	15.512500	0	668.710992	1	0.144893	0	
326.721969	1	302.201658	1	300.616840	1	300.652041	1	0.355980	0	301.980037	1	657.869819	1	4.283990	0	
315.667505	1	302.316223	1	300.650454	1	309.746005	1	0.336001	0	308.783688	1	668.672550	1	4.564180	0	
325.759660	1	302.300333	1	300.692807	1	300.667912	1	0.340067	0	301.936346	1	678.301543	1	4.651990	0	
327.907206	1	302.408427	1	300.759367	1	307.949880	1	0.363997	0	302.129096	1	695.369917	1	4.415980	0	
326.378534	1	302.203678	1	300.674901	1	301.957512	1	0.323980	0	302.005700	1	663.223869	1	4.975880	0	
310.333389	1	39.977700	0	81.319000	0	238.639000	0	0.016000	0	15.363900	0	646.924596	1	0.148018	0	
310.324409	1	39.983000	0	83.959700	0	242.963000	0	0.012000	0	15.423900	0	671.998126	1	0.147756	0	
310.799271	1	39.975800	0	84.346600	0	245.008000	0	0.015968	0	15.830400	0	687.737152	1	0.152000	0	
310.302640	1	39.397300	0	79.027800	0	167.063000	0	0.012000	0	15.264600	0	639.730125	1	0.148680	0	
311.002236	1	41.778000	0	84.479000	0	172.567000	0	0.012000	0	15.823500	0	684.261508	1	0.148534	0	
319.457113	1	311.642937	1	300.316064	1	300.757020	1	0.071948	0	107.350000	0	702.269519	1	0.976352	0	
319.794872	1	325.768123	1	300.310243	1	300.725810	1	0.068000	0	118.987000	0	658.598595	1	0.976134	0	
318.955542	1	311.850946	1	300.310720	1	300.703937	1	0.072002	0	100.613000	0	633.044588	1	0.955844	0	
318.837466	1	313.295023	1	300.309391	1	300.742809	1	0.067980	0	121.158000	0	678.328800	1	0.976229	0	
319.419278	1	315.101897	1	300.320846	1	300.763714	1	0.068033	0	107.601000	0	713.573933	1	0.986282	0	
7.024580	0	5.447770	0	0.000000	0	0.000000	0	0.000000	0	0.000000	0	0.000000	0	0.012712	0	
6.861270	0	5.399720	0	0.000000	0	0.000000	0	0.000000	0	0.000000	0	0.000000	0	0.012024	0	
6.664030	0	5.499620	0	0.000000	0	0.000000	0	0.000000	0	0.000000	0	0.000000	0	0.012162	0	
6.566880	0	5.405800	0	0.000000	0	0.000000	0	0.003390	0	0.000000	0	0.000000	0	0.012368	0	
6.433890	0	5.183820	0	0.000000	0	0.000000	0	0.000000	0	0.000000	0	0.000000	0	0.012173	0	
325.122513	1	305.081438	1	300.296908	1	300.738926	1	0.072000	0	101.706000	0	626.795645	1	0.943960	0	
318.437922	1	308.129236	1	300.287381	1	300.727756	1	0.072000	0	103.801000	0	665.618904	1	0.976521	0	
320.785643	1	167.045000	0	300.867545	1	300.719905	1	0.072000	0	105.195000	0	672.574450	1	0.955729	0	
312.052322	1	304.528512	1	300.316716	1	300.738108	1	0.067998	0	107.176000	0	672.841346	1	0.976632	0	
319.833996	1	304.022081	1	300.306563	1	300.708945	1	0.072000	0	102.190000	0	642.875852	1	0.957559	0	
329.030470	1	314.576479	1	300.698001	1	259.023000	0	0.032000	0	51.450100	0	628.770159	1	0.431785	0	
321.124800	1	324.321484	1	300.820798	1	273.484000	0	0.036000	0	53.091400	0	672.555922	1	0.424435	0	
333.211338	1	316.404962	1	300.909199	1	292.957000	0	0.036000	0	55.087600	0	699.287676	1	0.441241	0	
330.716105	1	314.563628	1	300.678558	1	268.457000	0	0.032000	0	51.301500	0	634.828336	1	0.416002	0	
324.121998	1	316.050012	1	300.905616	1	277.499000	0	0.028000	0	54.096100	0	699.519492	1	0.444287	0	
337.670007	1	304.008759	1	300.820020	1	301.279206	1	0.140100	0	226.532000	0	680.301114	1	1.975850	0	
336.959133	1	303.794291	1	300.901979	1	301.410264	1	0.144000	0	229.979000	0	693.689795	1	2.012250	0	
336.300186	1	303.889568	1	300.892806	1	301.261261	1	0.152001	0	226.777000	0	690.646713	1	1.980280	0	
333.992253	1	305.308057	1	300.867302	1	300.936763	1	0.151967	0	234.608000	0	802.773309	1	2.007040	0	
338.001994	1	304.787802	1	301.030950	1	301.643385	1	0.159900	0	234.455000	0	885.335250	1	2.448570	0	
