334.612293	1	305.257232	1	300.809487	1	301.404036	1	300.402367	1	310.600519	1	301.521786	1	300.162438	1	
330.652432	1	305.107820	1	300.612374	1	301.339824	1	300.838085	1	301.980295	1	301.469995	1	300.145209	1	
330.087072	1	304.954173	1	300.791685	1	301.321863	1	303.211790	1	306.599511	1	301.001617	1	300.148604	1	
335.167003	1	304.634790	1	300.681784	1	300.814289	1	300.223703	1	305.074298	1	301.155551	1	300.140078	1	
329.813495	1	304.605023	1	300.716386	1	301.389736	1	300.598052	1	302.127016	1	300.227623	1	300.147683	1	
328.507487	1	304.475538	1	300.202224	1	300.771611	1	300.099900	1	300.818616	1	300.601988	1	300.155777	1	
328.128929	1	304.637031	1	300.513837	1	301.364547	1	300.096802	1	301.169717	1	301.256020	1	300.151255	1	
331.153745	1	304.470808	1	300.814095	1	301.424368	1	300.210582	1	300.808264	1	301.477975	1	300.166016	1	
329.894927	1	304.595937	1	300.749084	1	301.432818	1	300.552497	1	309.714498	1	300.839137	1	300.157850	1	
332.003469	1	304.935729	1	300.622978	1	301.246636	1	300.110795	1	318.469166	1	300.878378	1	300.161916	1	
323.149852	1	303.398061	1	300.928417	1	301.300225	1	51.447800	0	304.292366	1	300.109659	1	300.158838	1	
335.147100	1	303.542187	1	300.934135	1	301.418140	1	62.854700	0	305.331809	1	300.925839	1	300.146643	1	
336.362546	1	303.503023	1	300.793794	1	300.686387	1	66.467800	0	303.016205	1	301.254984	1	300.225281	1	
337.891999	1	311.367424	1	305.129034	1	302.438367	1	0.000000	0	0.000000	0	301.591555	1	0.000000	0	
337.931405	1	303.524392	1	300.870100	1	301.449095	1	50.563800	0	305.244745	1	301.454702	1	300.158458	1	
333.071238	1	310.323435	1	300.609163	1	300.831368	1	168.840000	0	309.346382	1	300.596844	1	300.143103	1	
333.574868	1	310.185380	1	300.621424	1	300.705304	1	301.043200	1	300.885963	1	301.141896	1	300.153406	1	
337.082692	1	311.721945	1	300.814131	1	301.353498	1	301.082420	1	318.333667	1	300.118871	1	300.150230	1	
336.711932	1	312.307148	1	300.907990	1	301.353884	1	300.126387	1	35949.178220	1	300.338148	1	300.149076	1	
335.126828	1	310.657094	1	300.728268	1	300.702297	1	209.903000	0	300.934932	1	300.890809	1	308.505443	1	
327.884409	1	302.566857	1	300.784608	1	301.295012	1	300.528315	1	300.548703	1	300.494343	1	312.517274	1	
325.292579	1	302.247135	1	300.223070	1	300.851317	1	300.437578	1	300.831041	1	300.835013	1	300.141157	1	
326.415503	1	302.322704	1	300.575615	1	301.282345	1	300.104435	1	378.913099	1	301.248837	1	300.144523	1	
315.487036	1	302.278748	1	300.648180	1	321.047468	1	300.094529	1	301.388506	1	301.011651	1	300.143702	1	
328.259392	1	302.504125	1	300.815724	1	301.554784	1	301.173707	1	304.819716	1	301.154666	1	300.148635	1	
337.175846	1	303.935617	1	300.887651	1	301.425861	1	300.098176	1	301.344526	1	301.347871	1	300.149809	1	
336.056175	1	304.284965	1	300.821781	1	301.336448	1	300.094164	1	301.879439	1	301.495665	1	309.022582	1	
322.695444	1	304.095939	1	300.824250	1	301.341947	1	300.108574	1	302.230796	1	301.376203	1	300.144926	1	
338.597901	1	304.943335	1	300.985482	1	301.477183	1	300.273842	1	303.083827	1	300.284684	1	300.165732	1	
337.465823	1	304.333330	1	300.915944	1	301.435744	1	300.092058	1	317.739734	1	301.381553	1	300.150032	1	
328.707810	1	302.787030	1	300.831054	1	301.383870	1	308.778249	1	315.586943	1	301.576604	1	300.149278	1	
326.870354	1	302.466078	1	300.219386	1	301.256348	1	300.164562	1	301.166236	1	300.811597	1	300.162195	1	
328.731893	1	302.776827	1	300.712628	1	301.121844	1	307.354290	1	309.032226	1	300.189538	1	300.160721	1	
327.553879	1	302.426458	1	300.695386	1	301.310187	1	300.348492	1	318.640600	1	301.153254	1	300.149981	1	
328.558508	1	302.791175	1	300.743809	1	301.245480	1	300.228111	1	311.306775	1	300.315901	1	300.162796	1	
322.079961	1	304.716654	1	300.270193	1	300.698770	1	300.299940	1	301.934617	1	300.444676	1	300.141801	1	
321.932731	1	305.517772	1	300.641999	1	300.748479	1	300.095465	1	302.021854	1	301.340128	1	300.145878	1	
320.680704	1	305.326718	1	300.290430	1	300.775063	1	300.100974	1	301.431074	1	301.233481	1	300.149067	1	
323.460564	1	305.064374	1	300.288607	1	300.750222	1	39299.526583	1	307.810516	1	301.329617	1	300.146507	1	
306.301551	1	305.102353	1	300.271965	1	300.759567	1	302.957667	1	301.251389	1	301.756448	1	300.153193	1	
322.089182	1	305.002439	1	300.279390	1	300.788075	1	0.320000	0	311.556516	1	300.681914	1	4.608240	0	
311.113271	1	304.349378	1	300.283525	1	300.783465	1	0.315996	0	301.201654	1	301.479883	1	4.356050	0	
312.156054	1	304.355119	1	300.289762	1	300.782715	1	0.303996	0	304.402140	1	300.649457	1	4.988450	0	
322.179794	1	304.738400	1	300.293292	1	300.791147	1	0.311998	0	308.239452	1	301.249352	1	4.280180	0	
311.978912	1	304.182757	1	300.286063	1	300.768380	1	0.287844	0	377.599727	1	300.108697	1	4.628570	0	
