336.090284	1	308.489349	1	300.806590	1	27657.094497	1	300.295343	1	314.780152	1	301.045196	1	300.152651	1	
336.213927	1	308.181279	1	300.812153	1	301.173163	1	300.102230	1	320.667936	1	301.477374	1	300.155222	1	
335.688781	1	309.329678	1	300.767838	1	300.822464	1	300.107086	1	305.350355	1	300.801339	1	300.153262	1	
340.532843	1	315.273309	1	301.124815	1	300.762430	1	300.421049	1	304.154727	1	300.578448	1	300.155892	1	
340.270836	1	308.570228	1	300.919369	1	300.743121	1	300.097095	1	301.745365	1	301.427062	1	300.145703	1	
326.987228	1	302.612953	1	300.739785	1	320.326311	1	301.477243	1	383.524016	1	300.945279	1	300.147493	1	
326.419854	1	302.349368	1	300.557408	1	301.596759	1	300.117930	1	300.304199	1	301.523614	1	300.160649	1	
327.595066	1	302.220128	1	300.722220	1	300.702476	1	300.613532	1	310.788091	1	300.897596	1	300.152419	1	
326.814894	1	302.443893	1	300.245401	1	300.780994	1	300.224040	1	320.353273	1	301.542798	1	300.155164	1	
332.158010	1	302.669596	1	300.723529	1	310.220014	1	300.151933	1	301.070408	1	301.370421	1	300.176640	1	
338.581620	1	309.333731	1	300.814244	1	301.468190	1	300.284967	1	307.578946	1	301.426258	1	300.156947	1	
338.633996	1	309.390695	1	300.939484	1	300.928265	1	300.914702	1	318.910131	1	301.269131	1	300.169220	1	
338.748634	1	309.492130	1	300.835278	1	301.350703	1	300.149254	1	315.525270	1	301.197757	1	300.154905	1	
338.866800	1	309.447527	1	300.900211	1	301.216821	1	300.105730	1	301.736940	1	301.564412	1	300.172173	1	
337.416073	1	309.138323	1	300.775657	1	300.835091	1	300.744403	1	302.631746	1	300.252292	1	300.328221	1	
335.053735	1	303.312317	1	300.912780	1	300.726757	1	300.107679	1	317.092972	1	300.188559	1	300.177929	1	
332.770881	1	310.483518	1	302.022714	1	301.609451	1	303.192508	1	304.167805	1	300.630949	1	300.251804	1	
355.380438	1	306.661229	1	301.225594	1	301.350341	1	300.237445	1	307.467697	1	300.295631	1	306.403292	1	
359.657419	1	307.807992	1	301.230075	1	301.313687	1	300.339446	1	304.886384	1	300.613069	1	300.316763	1	
359.424735	1	310.836231	1	302.038523	1	301.722189	1	300.317592	1	304.567632	1	300.225814	1	300.277931	1	
364.850810	1	329.516911	1	301.252464	1	301.271743	1	123.483000	0	304.597579	1	302.096076	1	300.272592	1	
363.437457	1	327.538950	1	301.158661	1	301.242279	1	125.879000	0	304.602467	1	300.378126	1	300.290768	1	
369.554591	1	329.596896	1	301.285396	1	301.299904	1	151.509000	0	306.726239	1	300.231515	1	300.283077	1	
364.842596	1	326.495974	1	301.147942	1	301.181799	1	108.896000	0	304.663078	1	301.830537	1	37426.853336	1	
368.791825	1	323.177959	1	301.153065	1	301.203367	1	133.795000	0	304.918000	1	301.482373	1	300.281637	1	
359.929661	1	326.033774	1	301.119046	1	301.263641	1	302.479883	1	304.877128	1	302.177087	1	300.275720	1	
355.305234	1	323.487297	1	301.183634	1	301.255670	1	300.154464	1	304.421642	1	300.634354	1	300.272666	1	
356.153846	1	327.253378	1	301.167791	1	301.276097	1	301.736553	1	304.505801	1	300.508295	1	300.279711	1	
365.427278	1	325.780687	1	301.305849	1	301.305533	1	301.304149	1	307.838144	1	301.272113	1	300.299965	1	
363.937354	1	325.824595	1	301.196292	1	301.204438	1	300.582848	1	304.453155	1	301.306733	1	300.283806	1	
367.122736	1	320.622195	1	301.208623	1	301.265214	1	301.722360	1	306.056657	1	300.799537	1	300.273621	1	
364.489161	1	319.476412	1	301.207122	1	301.261174	1	300.226198	1	305.172643	1	301.392874	1	300.285425	1	
365.418261	1	320.919135	1	301.194288	1	301.232116	1	300.490096	1	304.979331	1	300.312418	1	300.283446	1	
363.594098	1	321.445651	1	301.189282	1	301.241575	1	306.200540	1	304.624856	1	301.138799	1	300.270162	1	
366.095268	1	321.746998	1	301.241189	1	301.312016	1	301.516436	1	305.093611	1	301.871487	1	300.271472	1	
344.684363	1	321.122507	1	300.843187	1	301.938670	1	300.622517	1	310.968591	1	303.002051	1	300.279944	1	
344.534246	1	321.096728	1	300.988051	1	303.580625	1	308.076526	1	304.404009	1	302.722665	1	300.292449	1	
345.488031	1	322.258263	1	300.966015	1	301.491381	1	300.657354	1	304.375657	1	301.939970	1	300.284924	1	
345.064253	1	322.274170	1	300.358756	1	301.532214	1	300.183884	1	304.491671	1	302.606257	1	300.278683	1	
343.561720	1	322.559882	1	300.389283	1	302.305435	1	300.223275	1	306.710238	1	300.550686	1	300.266664	1	
339.859654	1	310.619250	1	301.265102	1	301.154718	1	0.084002	0	149.826000	0	301.457442	1	1.353840	0	
341.155251	1	310.961681	1	301.241774	1	301.290916	1	0.079984	0	152.873000	0	301.124506	1	1.354950	0	
342.845317	1	311.328908	1	301.272841	1	301.333975	1	0.075762	0	151.890000	0	301.683315	1	1.326260	0	
361.347835	1	313.646415	1	301.262772	1	301.398531	1	0.083820	0	153.457000	0	301.485478	1	1.321030	0	
359.691339	1	334.615027	1	301.124557	1	301.297176	1	0.075978	0	148.080000	0	300.929985	1	1.349240	0	
