365.638988	1	307.571961	1	301.341259	1	301.373508	1	300.529979	1	327.744893	1	35286.545000	1	300.277454	1	
357.557595	1	306.736523	1	301.212209	1	301.278109	1	301.582778	1	307.258910	1	301.558644	1	300.349193	1	
362.654632	1	307.508980	1	301.249857	1	301.288806	1	301.910972	1	305.079831	1	302.054306	1	300.288532	1	
365.299046	1	307.196314	1	302.492594	1	301.879858	1	300.229503	1	302.011949	1	300.539016	1	300.546560	1	
354.973863	1	308.941677	1	302.402292	1	301.876090	1	300.320004	1	393.242115	1	300.316074	1	300.386243	1	
400.916657	1	310.084868	1	301.737768	1	301.846251	1	301.460967	1	362.193028	1	301.499303	1	300.255497	1	
362.617229	1	306.601376	1	301.115581	1	301.150993	1	300.321364	1	304.199427	1	300.624459	1	300.259185	1	
360.702959	1	307.852650	1	301.099683	1	320.157486	1	300.157395	1	304.083897	1	301.919118	1	300.244888	1	
362.414013	1	307.154258	1	301.195026	1	301.230251	1	300.274888	1	308.178245	1	300.807214	1	300.255713	1	
307.696303	1	307.433344	1	301.079764	1	301.135543	1	300.495429	1	303.993715	1	300.832500	1	303.732760	1	
365.041581	1	321.882011	1	301.238990	1	301.207672	1	300.154222	1	305.031182	1	301.479591	1	300.258964	1	
360.398070	1	320.820736	1	301.064364	1	301.133197	1	302.810938	1	303.954810	1	301.280940	1	300.233807	1	
360.747975	1	321.030546	1	301.118619	1	301.111836	1	300.301217	1	304.201638	1	300.578624	1	300.259589	1	
363.890949	1	321.505152	1	301.194072	1	301.173038	1	300.165329	1	304.450618	1	300.658652	1	300.253580	1	
363.474879	1	321.901479	1	301.310307	1	301.113879	1	300.146018	1	305.783529	1	301.119740	1	300.258393	1	
365.012705	1	308.564758	1	301.209012	1	301.195692	1	300.225230	1	305.736944	1	300.860200	1	300.259769	1	
364.629914	1	308.936116	1	301.225346	1	301.177806	1	301.387747	1	304.484745	1	301.207352	1	300.258569	1	
362.511113	1	309.197422	1	301.100397	1	301.203127	1	300.311701	1	304.019079	1	300.909061	1	300.248278	1	
362.078778	1	309.722785	1	301.163281	1	301.188609	1	311.175689	1	304.541601	1	301.425606	1	300.254382	1	
363.297167	1	309.707353	1	301.247658	1	301.222373	1	300.149495	1	306.156307	1	301.240971	1	300.250634	1	
352.926153	1	323.274454	1	301.196353	1	301.195850	1	300.292134	1	303.911351	1	301.910102	1	300.253549	1	
355.844764	1	320.470150	1	34432.707717	1	301.050367	1	300.202376	1	303.851531	1	301.916097	1	300.251933	1	
352.178548	1	320.434812	1	301.106627	1	301.086295	1	300.158649	1	303.997278	1	300.802532	1	300.258970	1	
352.009696	1	321.038924	1	301.105822	1	301.144626	1	300.401766	1	308.558305	1	301.910303	1	300.240847	1	
355.430619	1	323.112337	1	301.139851	1	301.139563	1	300.169180	1	303.829063	1	300.250851	1	300.247817	1	
353.456631	1	320.159362	1	301.172686	1	301.145993	1	300.910394	1	304.103697	1	300.400026	1	300.257656	1	
352.306683	1	318.993629	1	301.144084	1	301.131502	1	300.450149	1	303.934675	1	300.861139	1	300.262754	1	
357.886225	1	321.417089	1	301.149537	1	301.154431	1	300.174987	1	304.102626	1	300.149744	1	300.253423	1	
352.632822	1	320.428040	1	301.094708	1	301.139394	1	302.348837	1	304.167192	1	301.054938	1	300.249164	1	
360.762179	1	321.264322	1	301.193667	1	301.301501	1	301.815088	1	304.443787	1	300.245585	1	300.228108	1	
365.183824	1	307.861295	1	301.232592	1	301.181454	1	300.477931	1	304.603067	1	301.072278	1	300.255765	1	
365.706404	1	308.874380	1	301.312270	1	301.232609	1	303.568986	1	308.013611	1	300.526025	1	300.290456	1	
365.854614	1	308.479711	1	301.241145	1	301.209661	1	300.448296	1	304.215690	1	300.816541	1	300.252475	1	
365.459439	1	308.100564	1	301.257545	1	301.152953	1	301.788716	1	304.329778	1	300.520643	1	300.246882	1	
358.818486	1	308.753461	1	301.134016	1	301.125708	1	300.335100	1	303.945619	1	300.922253	1	305.132773	1	
365.677753	1	308.945538	1	301.247737	1	301.121849	1	300.404127	1	304.048002	1	300.872044	1	300.273264	1	
360.701670	1	309.350687	1	301.109507	1	301.202609	1	300.193227	1	303.937728	1	300.470084	1	300.249313	1	
361.720216	1	305.425738	1	301.221592	1	301.193005	1	300.163654	1	303.596428	1	301.318335	1	300.257844	1	
364.358388	1	308.239129	1	301.156400	1	301.168578	1	300.404241	1	304.505228	1	301.265217	1	300.247496	1	
366.657352	1	308.799776	1	301.225681	1	301.199532	1	300.369941	1	304.134750	1	300.334534	1	300.247109	1	
360.710139	1	307.741943	1	301.174329	1	301.146694	1	300.177096	1	304.303601	1	301.833152	1	300.243573	1	
357.076136	1	309.487990	1	301.199835	1	328.764886	1	300.494262	1	302.790840	1	35988.378290	1	300.979412	1	
362.452545	1	308.496972	1	301.141421	1	301.101596	1	302.723922	1	306.973728	1	301.044741	1	300.244034	1	
359.485109	1	308.151874	1	301.110473	1	304.340886	1	300.321274	1	303.948929	1	300.646501	1	300.249589	1	
365.802713	1	308.781210	1	301.217732	1	329.634001	1	309.584447	1	304.735207	1	301.452874	1	300.276646	1	
