333.722002	1	312.854021	1	300.786202	1	300.680111	1	300.319667	1	317.970785	1	300.642942	1	300.163995	1	
336.168415	1	312.812115	1	300.831821	1	300.692294	1	300.211470	1	301.648316	1	301.019941	1	300.157718	1	
335.254851	1	312.934960	1	300.710333	1	300.851960	1	300.807976	1	300.785618	1	301.087615	1	300.147868	1	
327.791364	1	311.597944	1	300.516369	1	300.630302	1	300.178447	1	361.213154	1	301.406630	1	300.151425	1	
334.884565	1	312.430872	1	300.781233	1	301.146203	1	300.254307	1	305.414896	1	300.979208	1	300.158535	1	
335.396401	1	303.185158	1	300.687335	1	301.178628	1	300.939288	1	314.255081	1	301.318648	1	300.147038	1	
319.859737	1	303.133420	1	300.753560	1	301.354896	1	305.562925	1	300.477193	1	300.920282	1	300.149095	1	
328.214369	1	302.977708	1	300.619227	1	301.149370	1	300.102051	1	301.048532	1	300.597999	1	300.153335	1	
332.608542	1	302.969421	1	300.709084	1	301.027812	1	303.519451	1	300.620246	1	301.138516	1	309.329792	1	
333.631642	1	302.824266	1	300.646169	1	301.109182	1	300.424526	1	302.581261	1	301.159068	1	300.161811	1	
337.275380	1	308.419591	1	300.815988	1	301.082187	1	300.931282	1	308.483865	1	301.289242	1	300.156658	1	
337.992596	1	309.054645	1	300.867809	1	301.182414	1	300.149495	1	303.443980	1	301.541532	1	300.150748	1	
337.093702	1	310.317597	1	300.731640	1	301.279561	1	300.590389	1	301.134690	1	28237.922333	1	300.161390	1	
337.140622	1	309.515322	1	300.806740	1	301.213156	1	300.136653	1	313.715749	1	300.417701	1	300.156340	1	
335.496428	1	309.070211	1	300.520394	1	300.653372	1	300.113772	1	300.950657	1	300.220513	1	300.142275	1	
336.098787	1	303.214744	1	300.833531	1	300.691588	1	306.969144	1	303.282037	1	300.968719	1	300.156885	1	
337.562460	1	303.273719	1	300.899852	1	300.855383	1	301.328684	1	303.155600	1	300.451558	1	300.154239	1	
336.503511	1	303.490534	1	300.784694	1	301.243078	1	300.596730	1	320.110137	1	300.967977	1	300.168919	1	
330.192201	1	302.957383	1	300.818124	1	300.804098	1	300.145089	1	303.595595	1	301.654148	1	300.147314	1	
335.014863	1	303.521535	1	300.844442	1	300.837940	1	302.540344	1	316.858815	1	301.567214	1	300.164961	1	
338.485556	1	309.371140	1	300.777994	1	301.333923	1	300.153375	1	300.890955	1	300.607850	1	300.158934	1	
324.551363	1	310.042172	1	300.973662	1	301.462704	1	300.244317	1	302.338688	1	300.905156	1	300.170368	1	
337.880435	1	309.638998	1	301.006847	1	300.749269	1	300.127475	1	300.449611	1	301.291150	1	300.164738	1	
337.304496	1	309.349522	1	300.748307	1	301.157675	1	305.584130	1	300.801489	1	300.293649	1	300.157569	1	
336.825382	1	309.506664	1	300.883904	1	301.330632	1	302.367822	1	302.164557	1	300.751428	1	300.160740	1	
311.787140	1	40.705200	0	85.105800	0	178.798000	0	0.012000	0	16.156500	0	300.782985	1	0.148417	0	
310.418720	1	41.022200	0	83.371700	0	173.489000	0	0.012000	0	15.679700	0	301.219284	1	0.152361	0	
310.363189	1	41.942700	0	82.304900	0	172.775000	0	0.016000	0	15.656100	0	301.199504	1	0.144279	0	
312.563563	1	42.319900	0	85.877400	0	181.667000	0	0.011952	0	16.284000	0	301.466688	1	0.147845	0	
311.238214	1	41.638400	0	83.069400	0	174.469000	0	0.016000	0	15.987300	0	300.562024	1	0.148213	0	
328.695179	1	302.501925	1	300.737637	1	302.184660	1	300.091973	1	301.123229	1	301.066091	1	300.145949	1	
327.170082	1	302.422867	1	300.653807	1	301.309237	1	300.100447	1	315.918686	1	300.559088	1	300.148964	1	
328.871320	1	302.402737	1	300.882480	1	310.195643	1	300.266726	1	314.310014	1	300.550433	1	300.151962	1	
328.973681	1	302.544031	1	300.792386	1	305.716293	1	300.137777	1	315.150434	1	300.187404	1	312.255691	1	
328.212898	1	302.559201	1	300.647515	1	301.282511	1	300.163477	1	314.475667	1	300.327677	1	300.149467	1	
338.028734	1	308.757189	1	301.027463	1	301.459533	1	3.851980	0	313.686566	1	300.257623	1	66.483000	0	
330.474640	1	309.368256	1	300.735636	1	301.280036	1	4.855980	0	300.548643	1	300.296485	1	63.875100	0	
337.091687	1	309.431921	1	300.961921	1	301.410093	1	3.343620	0	307.902318	1	300.114218	1	46.720100	0	
37723.038105	1	309.529229	1	300.793881	1	301.421273	1	5.403990	0	316.479033	1	301.406000	1	54.553500	0	
333.867752	1	308.122724	1	300.670019	1	301.381750	1	2.915990	0	300.789028	1	300.176236	1	52.933300	0	
327.993077	1	311.236262	1	300.469816	1	301.071672	1	6.475960	0	301.133404	1	301.245593	1	60.583700	0	
331.969787	1	310.992908	1	300.784629	1	301.357906	1	0.875741	0	306.757665	1	300.196067	1	11.528600	0	
331.257419	1	310.363980	1	300.708219	1	301.234959	1	0.884000	0	313.654940	1	301.507382	1	13.352500	0	
329.832632	1	310.183317	1	300.695538	1	301.204036	1	4.939980	0	302.100165	1	301.270506	1	69.182400	0	
336.949813	1	311.123690	1	300.886400	1	301.256491	1	4.839980	0	314.285424	1	301.648050	1	86.669000	0	
