0.012105	0	0.014673	0	0.000000	0	0.000000	0	0.000000	0	0.000000	0	0.000000	0	0.000544	0	
0.004297	0	0.003205	0	0.000000	0	0.000000	0	0.000000	0	0.000000	0	0.000000	0	0.000506	0	
0.004125	0	0.006399	0	0.000000	0	0.000000	0	0.000000	0	0.000000	0	0.000000	0	0.000630	0	
0.004769	0	0.006231	0	0.000000	0	0.000000	0	0.000000	0	0.000000	0	0.000000	0	0.000608	0	
0.003817	0	0.007186	0	0.000000	0	0.000000	0	0.000000	0	0.000000	0	0.000000	0	0.000576	0	
0.004776	0	0.003586	0	0.000000	0	0.000000	0	0.000000	0	0.000000	0	0.000000	0	0.000605	0	
0.000000	0	0.007047	0	0.000000	0	0.000000	0	0.000000	0	0.000000	0	0.000000	0	0.000000	0	
0.005295	0	0.008011	0	0.000000	0	0.000000	0	0.000000	0	0.000000	0	0.000000	0	0.000571	0	
0.005293	0	0.008019	0	0.000000	0	0.000000	0	0.000000	0	0.000000	0	0.000000	0	0.000678	0	
0.004053	0	0.006564	0	0.000000	0	0.000000	0	0.000000	0	0.000000	0	0.000000	0	0.000672	0	
0.003979	0	0.002582	0	0.000000	0	0.000000	0	0.000000	0	0.000000	0	0.000000	0	0.000654	0	
0.004089	0	0.002595	0	0.000000	0	0.000000	0	0.000000	0	0.000000	0	0.000000	0	0.000625	0	
0.003973	0	0.006583	0	0.000000	0	0.000000	0	0.000000	0	0.000000	0	0.000000	0	0.000574	0	
0.003918	0	0.007994	0	0.000000	0	0.000000	0	0.000000	0	0.000000	0	0.000000	0	0.000459	0	
0.005245	0	0.008043	0	0.000000	0	0.000000	0	0.000000	0	0.000000	0	0.000000	0	0.000000	0	
0.005276	0	0.008020	0	0.000000	0	0.000000	0	0.000000	0	0.000000	0	0.000000	0	0.000602	0	
0.003910	0	0.006659	0	0.000000	0	0.000000	0	0.000000	0	0.000000	0	0.000000	0	0.000654	0	
0.004131	0	0.004143	0	0.000000	0	0.000000	0	0.000000	0	0.000000	0	0.000000	0	0.000678	0	
0.000000	0	0.005517	0	0.000000	0	0.000000	0	0.000000	0	0.000000	0	0.000000	0	0.000695	0	
0.005377	0	0.008092	0	0.000000	0	0.000000	0	0.000000	0	0.000000	0	0.000000	0	0.000675	0	
0.005384	0	0.004056	0	0.000000	0	0.000000	0	0.000000	0	0.000000	0	0.000000	0	0.000674	0	
0.005371	0	0.007186	0	0.000000	0	0.000000	0	0.000000	0	0.000000	0	0.000000	0	0.000681	0	
0.005393	0	0.008065	0	0.000000	0	0.000000	0	0.000000	0	0.000000	0	0.000000	0	0.000427	0	
0.005385	0	0.004068	0	0.000000	0	0.000000	0	0.000000	0	0.000000	0	0.000000	0	0.000649	0	
0.002724	0	0.005543	0	0.000000	0	0.000000	0	0.000000	0	0.000000	0	0.000000	0	0.000672	0	
0.002696	0	0.008000	0	0.000000	0	0.000000	0	0.000000	0	0.000000	0	0.000000	0	0.000826	0	
0.005414	0	0.008062	0	0.000000	0	0.000000	0	0.000000	0	0.000000	0	0.000000	0	0.000677	0	
0.004200	0	0.008409	0	0.000000	0	0.000000	0	0.000000	0	0.000000	0	0.000000	0	0.000691	0	
0.004193	0	0.008347	0	0.000000	0	0.000000	0	0.000000	0	0.000000	0	0.000000	0	0.000687	0	
0.004194	0	0.002790	0	0.000000	0	0.000000	0	0.000000	0	0.000000	0	0.000000	0	0.000686	0	
0.004248	0	0.007300	0	0.000000	0	0.000000	0	0.000000	0	0.000000	0	0.000000	0	0.000687	0	
0.004165	0	0.007435	0	0.000000	0	0.000000	0	0.000000	0	0.000000	0	0.000000	0	0.000937	0	
0.000000	0	0.011456	0	0.000000	0	0.000000	0	0.000000	0	0.000000	0	0.000000	0	0.000941	0	
0.005704	0	0.011409	0	0.000000	0	0.000000	0	0.000000	0	0.000000	0	0.000000	0	0.000916	0	
0.005692	0	0.011417	0	0.000000	0	0.000000	0	0.000649	0	0.000000	0	0.000000	0	0.000945	0	
0.005777	0	0.011429	0	0.000000	0	0.000000	0	0.000000	0	0.000000	0	0.000000	0	0.000928	0	
0.000000	0	0.011083	0	0.000000	0	0.000000	0	0.000000	0	0.000000	0	0.000000	0	0.000906	0	
0.005906	0	0.008000	0	0.000000	0	0.000000	0	0.000000	0	0.000000	0	0.000000	0	0.000416	0	
0.002319	0	0.004458	0	0.000000	0	0.000000	0	0.000000	0	0.000000	0	0.000000	0	0.000432	0	
0.002970	0	0.004411	0	0.000000	0	0.000000	0	0.000000	0	0.000000	0	0.000000	0	0.000396	0	
0.002925	0	0.004540	0	0.000000	0	0.000000	0	0.000000	0	0.000000	0	0.000000	0	0.000495	0	
0.002658	0	0.002893	0	0.000000	0	0.000000	0	0.000000	0	0.000000	0	0.000000	0	0.000514	0	
0.003938	0	0.000000	0	0.000000	0	0.000000	0	0.000000	0	0.000000	0	0.000000	0	0.000812	0	
0.006368	0	0.008899	0	0.000000	0	0.000000	0	0.000000	0	0.000000	0	0.000000	0	0.000811	0	
0.003231	0	0.008745	0	0.000000	0	0.000000	0	0.000000	0	0.000000	0	0.000000	0	0.000818	0	
0.005732	0	0.008294	0	0.000000	0	0.000000	0	0.000000	0	0.000000	0	0.000000	0	0.000810	0	
0.003246	0	0.009974	0	0.000000	0	0.000000	0	0.000000	0	0.000000	0	0.000000	0	0.000816	0	
0.004236	0	0.009817	0	0.000000	0	0.000000	0	0.000000	0	0.000000	0	0.000000	0	0.000489	0	
0.003422	0	0.007311	0	0.000000	0	0.000000	0	0.000000	0	0.000000	0	0.000000	0	0.000000	0	
0.004995	0	0.004698	0	0.000000	0	0.000000	0	0.000000	0	0.000000	0	0.000000	0	0.000784	0	
0.000000	0	0.003119	0	0.000000	0	0.000000	0	0.000000	0	0.000000	0	0.000000	0	0.000773	0	
0.000000	0	0.009340	0	0.000000	0	0.000000	0	0.000000	0	0.000000	0	0.000000	0	0.000000	0	
0.005442	0	0.004705	0	0.000000	0	0.000000	0	0.000000	0	0.000000	0	0.000000	0	0.000777	0	
0.005407	0	0.006240	0	0.000000	0	0.000000	0	0.000000	0	0.000000	0	0.000000	0	0.000786	0	
0.004726	0	0.004686	0	0.000000	0	0.000000	0	0.000000	0	0.000000	0	0.000000	0	0.000809	0	
0.005433	0	0.004668	0	0.000000	0	0.000000	0	0.000000	0	0.000000	0	0.000000	0	0.000781	0	
0.005408	0	0.004853	0	0.000000	0	0.000000	0	0.000000	0	0.000000	0	0.000000	0	0.000770	0	
0.004752	0	0.009242	0	0.000000	0	0.000000	0	0.000000	0	0.000000	0	0.000000	0	0.000000	0	
0.006228	0	0.008090	0	0.000000	0	0.000000	0	0.000000	0	0.000000	0	0.000000	0	0.000766	0	
0.004889	0	0.009311	0	0.000000	0	0.000000	0	0.000000	0	0.000000	0	0.000000	0	0.000595	0	
0.006212	0	0.006211	0	0.000000	0	0.000000	0	0.000000	0	0.000000	0	0.000000	0	0.000773	0	
0.004597	0	0.009247	0	0.000000	0	0.000000	0	0.000000	0	0.000000	0	0.000000	0	0.000799	0	
0.006221	0	0.004625	0	0.000000	0	0.000000	0	0.000000	0	0.000000	0	0.000000	0	0.000767	0	
0.003113	0	0.009267	0	0.000000	0	0.000000	0	0.000000	0	0.000000	0	0.000000	0	0.000766	0	
0.005890	0	0.009286	0	0.000000	0	0.000000	0	0.000000	0	0.000000	0	0.000000	0	0.000760	0	
0.006170	0	0.009120	0	0.000000	0	0.000000	0	0.000000	0	0.000000	0	0.000000	0	0.000793	0	
0.002418	0	0.009664	0	0.000000	0	0.000000	0	0.000000	0	0.000000	0	0.000000	0	0.000434	0	
0.004859	0	0.009716	0	0.000000	0	0.000000	0	0.000000	0	0.000000	0	0.000000	0	0.000789	0	
0.004857	0	0.008000	0	0.000000	0	0.000000	0	0.000000	0	0.000000	0	0.000000	0	0.000789	0	
0.003290	0	0.005637	0	0.000000	0	0.000000	0	0.000000	0	0.000000	0	0.000000	0	0.000815	0	
0.002430	0	0.009637	0	0.000000	0	0.000000	0	0.000000	0	0.000000	0	0.000000	0	0.000801	0	
0.004856	0	0.004858	0	0.000000	0	0.000000	0	0.000000	0	0.000000	0	0.000000	0	0.000790	0	
0.004833	0	0.003254	0	0.000000	0	0.000000	0	0.000000	0	0.000000	0	0.000000	0	0.000783	0	
0.004864	0	0.006482	0	0.000000	0	0.000000	0	0.000000	0	0.000000	0	0.000000	0	0.000784	0	
0.002437	0	0.006483	0	0.000000	0	0.000000	0	0.000000	0	0.000000	0	0.000000	0	0.000000	0	
0.005648	0	0.009563	0	0.000000	0	0.000000	0	0.000000	0	0.000000	0	0.000000	0	0.000774	0	
0.005676	0	0.006415	0	0.000000	0	0.000000	0	0.000000	0	0.000000	0	0.000000	0	0.000779	0	
0.005682	0	0.009579	0	0.000000	0	0.000000	0	0.000000	0	0.000000	0	0.000000	0	0.000782	0	
0.005661	0	0.008849	0	0.000000	0	0.000000	0	0.000000	0	0.000000	0	0.000000	0	0.000782	0	
0.004093	0	0.003968	0	0.000000	0	0.000000	0	0.000000	0	0.000000	0	0.000000	0	0.000651	0	
0.004720	0	0.007024	0	0.000000	0	0.000000	0	0.000000	0	0.000000	0	0.000000	0	0.000651	0	
0.004713	0	0.007522	0	0.000000	0	0.000000	0	0.000000	0	0.000000	0	0.000000	0	0.000733	0	
0.004669	0	0.007985	0	0.000000	0	0.000000	0	0.000000	0	0.000000	0	0.000000	0	0.000000	0	
0.004697	0	0.003978	0	0.000000	0	0.000000	0	0.000000	0	0.000000	0	0.000000	0	0.000652	0	
0.003387	0	0.003981	0	0.000000	0	0.000000	0	0.000000	0	0.000000	0	0.000000	0	0.000651	0	
0.004668	0	0.006468	0	0.000000	0	0.000000	0	0.000000	0	0.000000	0	0.000000	0	0.000643	0	
0.005548	0	0.007597	0	0.000000	0	0.000000	0	0.000000	0	0.000000	0	0.000000	0	0.000662	0	
0.000000	0	0.006866	0	0.000000	0	0.000000	0	0.000000	0	0.000000	0	0.000000	0	0.000865	0	
0.003733	0	0.009168	0	0.000000	0	0.000000	0	0.000000	0	0.000000	0	0.000000	0	0.000852	0	
0.007400	0	0.000000	0	0.000000	0	0.000000	0	0.000000	0	0.000000	0	0.000000	0	0.000848	0	
0.006482	0	0.010197	0	0.000000	0	0.000000	0	0.000000	0	0.000000	0	0.000000	0	0.000859	0	
0.007490	0	0.008414	0	0.000000	0	0.000000	0	0.000000	0	0.000000	0	0.000000	0	0.000859	0	
0.007003	0	0.010218	0	0.000000	0	0.000000	0	0.000000	0	0.000000	0	0.000000	0	0.000873	0	
0.007499	0	0.008920	0	0.000000	0	0.000000	0	0.000000	0	0.000000	0	0.000000	0	0.000863	0	
0.005377	0	0.009666	0	0.000000	0	0.000000	0	0.000000	0	0.000000	0	0.000000	0	0.000878	0	
0.005378	0	0.005419	0	0.000000	0	0.000000	0	0.000000	0	0.000000	0	0.000000	0	0.000885	0	
0.004577	0	0.010969	0	0.000000	0	0.000000	0	0.000000	0	0.000000	0	0.000000	0	0.000872	0	
0.000000	0	0.002860	0	0.000000	0	0.000000	0	0.000000	0	0.000000	0	0.000000	0	0.000881	0	
0.000000	0	0.010781	0	0.000000	0	0.000000	0	0.000000	0	0.000000	0	0.000000	0	0.000854	0	
0.002698	0	0.010890	0	0.000000	0	0.000000	0	0.000000	0	0.000000	0	0.000000	0	0.000875	0	
