0.020856	0	0.029209	0	0.000000	0	0.001221	0	0.001562	0	0.003511	0	0.002035	0	0.004913	0	
0.004785	0	0.015941	0	0.000000	0	0.001156	0	0.000000	0	0.003416	0	0.001964	0	0.005007	0	
0.007537	0	0.016998	0	0.000000	0	0.000928	0	0.000000	0	0.002578	0	0.001458	0	0.004228	0	
0.003762	0	0.017552	0	0.000000	0	0.000931	0	0.000514	0	0.002571	0	0.001693	0	0.005255	0	
0.009489	0	0.017769	0	0.000000	0	0.001163	0	0.001675	0	0.002933	0	0.000000	0	0.007005	0	
0.011203	0	0.024804	0	0.000000	0	0.001156	0	0.000000	0	0.003377	0	0.001920	0	0.005546	0	
0.009779	0	0.013325	0	0.001043	0	0.001185	0	0.000000	0	0.003357	0	0.001878	0	0.005592	0	
0.009720	0	0.022979	0	0.000000	0	0.001075	0	0.000000	0	0.003000	0	0.001693	0	0.004955	0	
0.008557	0	0.019935	0	0.000000	0	0.000878	0	0.000000	0	0.002482	0	0.001475	0	0.000516	0	
0.002629	0	0.017290	0	0.000000	0	0.000865	0	0.001496	0	0.002625	0	0.001643	0	0.005650	0	
0.008710	0	0.019403	0	0.000000	0	0.001053	0	0.000000	0	0.003093	0	0.001734	0	0.000597	0	
0.004456	0	0.019831	0	0.000000	0	0.000915	0	0.000000	0	0.002505	0	0.001481	0	0.000000	0	
0.023270	0	0.022506	0	0.000000	0	0.003620	0	0.000000	0	0.005852	0	0.000000	0	0.005184	0	
0.017807	0	0.018161	0	0.000000	0	0.002157	0	0.000000	0	0.006146	0	0.004540	0	0.005932	0	
0.026646	0	0.016160	0	0.001462	0	0.002073	0	0.000000	0	0.005928	0	0.004120	0	0.005098	0	
0.023585	0	0.018839	0	0.001935	0	0.002536	0	0.001146	0	0.005888	0	0.003949	0	0.000585	0	
0.019142	0	0.012898	0	0.000000	0	0.002120	0	0.000000	0	0.005891	0	0.004220	0	0.005322	0	
0.022171	0	0.021567	0	0.000000	0	0.002106	0	0.000000	0	0.002921	0	0.003951	0	0.004970	0	
0.018048	0	0.017569	0	0.001930	0	0.002571	0	0.001053	0	0.005830	0	0.003910	0	0.005206	0	
0.020092	0	0.022386	0	0.000000	0	0.002561	0	0.000452	0	0.005864	0	0.003967	0	0.004943	0	
0.004775	0	0.006092	0	0.000000	0	0.000000	0	0.000000	0	0.000000	0	0.000000	0	0.000612	0	
0.004976	0	0.008153	0	0.000000	0	0.000000	0	0.000000	0	0.000000	0	0.000000	0	0.000663	0	
0.007295	0	0.009901	0	0.000000	0	0.000000	0	0.000000	0	0.000000	0	0.000000	0	0.000730	0	
0.007295	0	0.009923	0	0.000000	0	0.000000	0	0.000000	0	0.000000	0	0.000000	0	0.000707	0	
0.007301	0	0.009909	0	0.000000	0	0.000000	0	0.000000	0	0.000000	0	0.000000	0	0.000494	0	
0.007253	0	0.009963	0	0.000000	0	0.000000	0	0.000000	0	0.000000	0	0.000000	0	0.000737	0	
0.007255	0	0.004941	0	0.000000	0	0.000000	0	0.000000	0	0.000000	0	0.000000	0	0.000737	0	
0.006679	0	0.009880	0	0.000000	0	0.000000	0	0.000000	0	0.000000	0	0.000000	0	0.000814	0	
0.004101	0	0.007419	0	0.000000	0	0.000000	0	0.000000	0	0.000000	0	0.000000	0	0.000817	0	
0.007912	0	0.007415	0	0.000000	0	0.000000	0	0.000000	0	0.000000	0	0.000000	0	0.000931	0	
0.006240	0	0.009514	0	0.000000	0	0.000000	0	0.000000	0	0.000000	0	0.000000	0	0.000925	0	
0.030640	0	0.022305	0	0.000000	0	0.001992	0	0.000000	0	0.005564	0	0.003644	0	0.005286	0	
0.016113	0	0.020382	0	0.002085	0	0.002559	0	0.001486	0	0.005587	0	0.003677	0	0.006029	0	
0.022721	0	0.025175	0	0.001664	0	0.002305	0	0.000000	0	0.006392	0	0.004185	0	0.006091	0	
0.024012	0	0.023285	0	0.000000	0	0.003372	0	0.000000	0	0.006392	0	0.004257	0	0.007240	0	
0.023255	0	0.023162	0	0.000000	0	0.001973	0	0.000000	0	0.005278	0	0.003700	0	0.005281	0	
0.020916	0	0.021594	0	0.000000	0	0.002037	0	0.000000	0	0.005621	0	0.003691	0	0.005371	0	
0.017309	0	0.017157	0	0.000000	0	0.003411	0	0.000000	0	0.005616	0	0.003689	0	0.005352	0	
0.021414	0	0.015975	0	0.000000	0	0.003124	0	0.001301	0	0.006061	0	0.003945	0	0.005659	0	
0.014083	0	0.015193	0	0.001149	0	0.001630	0	0.000000	0	0.004623	0	0.003664	0	0.007206	0	
0.024528	0	0.024211	0	0.001712	0	0.000000	0	0.000000	0	0.005724	0	0.003754	0	0.006863	0	
0.014956	0	0.019007	0	0.000000	0	0.001305	0	0.000000	0	0.003950	0	0.002505	0	0.004117	0	
0.013060	0	0.008466	0	0.000000	0	0.001402	0	0.001290	0	0.003899	0	0.002586	0	0.004252	0	
0.013034	0	0.015757	0	0.000000	0	0.001372	0	0.000000	0	0.003886	0	0.002547	0	0.004269	0	
0.012993	0	0.016940	0	0.000000	0	0.001366	0	0.000000	0	0.003901	0	0.002586	0	0.004167	0	
0.012422	0	0.016153	0	0.000000	0	0.001780	0	0.001738	0	0.003937	0	0.002618	0	0.004203	0	
0.013279	0	0.016114	0	0.001440	0	0.001394	0	0.000000	0	0.003902	0	0.002596	0	0.004203	0	
0.013230	0	0.017229	0	0.000000	0	0.001393	0	0.000000	0	0.003944	0	0.002604	0	0.004202	0	
0.013223	0	0.012856	0	0.000000	0	0.001354	0	0.000000	0	0.000000	0	0.002459	0	0.004024	0	
0.000000	0	0.008195	0	0.000000	0	0.000000	0	0.000000	0	0.000000	0	0.000000	0	0.000792	0	
0.004960	0	0.009400	0	0.000000	0	0.000000	0	0.000000	0	0.000000	0	0.000000	0	0.000976	0	
0.006609	0	0.009382	0	0.000000	0	0.000000	0	0.000000	0	0.000000	0	0.000000	0	0.000981	0	
0.009355	0	0.010560	0	0.000000	0	0.000000	0	0.000000	0	0.000000	0	0.000000	0	0.000974	0	
0.006628	0	0.013345	0	0.000000	0	0.000000	0	0.000000	0	0.000000	0	0.000000	0	0.000000	0	
0.004906	0	0.010569	0	0.000000	0	0.000000	0	0.000000	0	0.000000	0	0.000000	0	0.000978	0	
0.009922	0	0.014061	0	0.000000	0	0.000000	0	0.000000	0	0.000000	0	0.000000	0	0.000972	0	
0.008335	0	0.009321	0	0.000000	0	0.000000	0	0.000000	0	0.000000	0	0.000000	0	0.000980	0	
0.009930	0	0.014142	0	0.000000	0	0.000000	0	0.000000	0	0.000000	0	0.000000	0	0.000976	0	
0.006214	0	0.010561	0	0.000000	0	0.000000	0	0.000000	0	0.000000	0	0.000000	0	0.000985	0	
0.016638	0	0.025122	0	0.000000	0	0.001344	0	0.000000	0	0.003643	0	0.002397	0	0.004307	0	
0.008082	0	0.019438	0	0.001241	0	0.002239	0	0.000000	0	0.003758	0	0.002464	0	0.004616	0	
0.013386	0	0.016284	0	0.001739	0	0.002305	0	0.001794	0	0.004580	0	0.003153	0	0.007115	0	
0.017981	0	0.021230	0	0.000000	0	0.001346	0	0.000000	0	0.003522	0	0.002417	0	0.004421	0	
0.011881	0	0.019617	0	0.000000	0	0.001772	0	0.001729	0	0.003787	0	0.002366	0	0.004282	0	
0.007087	0	0.013955	0	0.000000	0	0.001397	0	0.001175	0	0.003806	0	0.002806	0	0.005254	0	
0.013630	0	0.020387	0	0.000000	0	0.001334	0	0.000000	0	0.003694	0	0.002310	0	0.004292	0	
0.011890	0	0.019054	0	0.000000	0	0.002663	0	0.000000	0	0.003706	0	0.002500	0	0.004314	0	
0.008219	0	0.020027	0	0.000000	0	0.001417	0	0.001146	0	0.003809	0	0.002436	0	0.004377	0	
0.010875	0	0.019164	0	0.000000	0	0.001418	0	0.000000	0	0.003802	0	0.002426	0	0.004395	0	
0.011730	0	0.019703	0	0.001517	0	0.002041	0	0.000000	0	0.005845	0	0.003965	0	0.005512	0	
0.019641	0	0.022371	0	0.000000	0	0.002107	0	0.000000	0	0.005894	0	0.003993	0	0.005539	0	
0.011253	0	0.023646	0	0.000000	0	0.004000	0	0.000000	0	0.005886	0	0.000000	0	0.005528	0	
0.014200	0	0.020558	0	0.000000	0	0.003329	0	0.001421	0	0.005893	0	0.003994	0	0.000607	0	
0.011758	0	0.016483	0	0.001383	0	0.002128	0	0.000000	0	0.005880	0	0.003996	0	0.005554	0	
0.019580	0	0.022318	0	0.000000	0	0.002091	0	0.000000	0	0.005547	0	0.003938	0	0.005439	0	
0.012943	0	0.015039	0	0.000000	0	0.002054	0	0.000000	0	0.005690	0	0.000000	0	0.005695	0	
0.009714	0	0.020317	0	0.001790	0	0.002544	0	0.000000	0	0.002964	0	0.004007	0	0.005572	0	
0.004858	0	0.018624	0	0.001310	0	0.001243	0	0.000000	0	0.003411	0	0.001962	0	0.004635	0	
0.002871	0	0.017867	0	0.000000	0	0.000000	0	0.000000	0	0.004359	0	0.002551	0	0.006079	0	
0.013463	0	0.019363	0	0.000000	0	0.001245	0	0.000000	0	0.003420	0	0.002001	0	0.000000	0	
0.002913	0	0.018315	0	0.000000	0	0.001172	0	0.000000	0	0.003097	0	0.001925	0	0.004278	0	
0.009936	0	0.013838	0	0.001080	0	0.001215	0	0.000000	0	0.003123	0	0.001959	0	0.002150	0	
0.009746	0	0.018282	0	0.000000	0	0.001174	0	0.000000	0	0.003064	0	0.001930	0	0.004192	0	
0.009775	0	0.013509	0	0.000000	0	0.001240	0	0.000000	0	0.003418	0	0.001737	0	0.004315	0	
0.008784	0	0.018396	0	0.000000	0	0.001176	0	0.000000	0	0.003311	0	0.001882	0	0.004256	0	
0.008533	0	0.018458	0	0.000000	0	0.001199	0	0.000000	0	0.003367	0	0.001959	0	0.000000	0	
0.006032	0	0.018357	0	0.000000	0	0.001251	0	0.000000	0	0.003421	0	0.000000	0	0.004428	0	
0.008926	0	0.017691	0	0.000000	0	0.001251	0	0.000000	0	0.003410	0	0.002000	0	0.000548	0	
0.024938	0	0.018705	0	0.000000	0	0.000000	0	0.001174	0	0.006321	0	0.004554	0	0.002932	0	
0.023667	0	0.020323	0	0.002201	0	0.002268	0	0.000000	0	0.003089	0	0.000000	0	0.005493	0	
0.025059	0	0.019624	0	0.000000	0	0.002286	0	0.000000	0	0.006225	0	0.004672	0	0.005611	0	
0.025984	0	0.020272	0	0.001947	0	0.002357	0	0.000000	0	0.006766	0	0.004909	0	0.002953	0	
0.019789	0	0.023244	0	0.000000	0	0.002771	0	0.000000	0	0.006760	0	0.004909	0	0.005849	0	
0.022812	0	0.023113	0	0.000000	0	0.004000	0	0.000000	0	0.006219	0	0.004520	0	0.005478	0	
0.025294	0	0.024259	0	0.000000	0	0.002909	0	0.001279	0	0.006282	0	0.004507	0	0.005425	0	
0.026234	0	0.023281	0	0.000000	0	0.003871	0	0.002103	0	0.006332	0	0.004506	0	0.005421	0	
0.009699	0	0.018754	0	0.000952	0	0.001106	0	0.000000	0	0.003178	0	0.001837	0	0.004438	0	
0.009091	0	0.017647	0	0.000000	0	0.001159	0	0.000000	0	0.003268	0	0.001892	0	0.004432	0	
0.009276	0	0.017273	0	0.000000	0	0.001937	0	0.000000	0	0.003289	0	0.001895	0	0.004548	0	
0.004621	0	0.008916	0	0.000000	0	0.001125	0	0.000000	0	0.003256	0	0.000000	0	0.004428	0	
