300.579633	1	0.781470	0	9.095790	0	0.187991	0	1.011830	0	14.894600	0	0.162721	0	35.047800	0	
300.837959	1	0.438649	0	4.387850	0	0.140181	0	0.435904	0	7.711380	0	0.126712	0	15.380000	0	
300.786645	1	0.964327	0	22.199700	0	0.280273	0	1.131850	0	21.132600	0	0.207073	0	36.952400	0	
84.548600	0	0.485456	0	3.591860	0	0.141409	0	0.627950	0	8.261990	0	0.117927	0	21.726400	0	
300.683781	1	0.658040	0	4.295390	0	0.124574	0	0.639959	0	8.901900	0	0.126531	0	25.181500	0	
300.615597	1	0.751127	0	4.731750	0	0.135006	0	0.679978	0	9.674010	0	0.127252	0	23.949000	0	
300.632554	1	0.553272	0	7.519660	0	0.175393	0	0.735894	0	12.072300	0	0.149141	0	24.290100	0	
300.940760	1	0.884902	0	6.099790	0	0.150739	0	0.815910	0	11.395000	0	0.133808	0	26.330500	0	
300.969026	1	0.593777	0	14.175400	0	0.271992	0	1.215910	0	19.304100	0	0.221250	0	45.302000	0	
301.321725	1	1.085270	0	8.503720	0	0.167259	0	1.027850	0	14.367000	0	0.144451	0	34.167100	0	
23.607500	0	0.610171	0	3.287780	0	0.124877	0	0.583975	0	7.533210	0	0.112962	0	20.335400	0	
300.653320	1	0.539261	0	4.983610	0	0.132052	0	0.699783	0	9.617440	0	0.134676	0	23.515900	0	
301.453146	1	0.587051	0	5.311900	0	0.175997	0	0.695789	0	13.264000	0	0.143096	0	25.315500	0	
301.014829	1	0.635105	0	6.599660	0	0.135781	0	0.735969	0	11.174000	0	0.145940	0	25.484300	0	
301.061555	1	0.785737	0	4.635850	0	0.140036	0	0.563516	0	8.485290	0	0.131198	0	20.124700	0	
301.504418	1	0.525117	0	4.119950	0	0.148039	0	0.491828	0	8.103260	0	0.125434	0	18.138000	0	
18.041600	0	0.459521	0	2.499870	0	0.114536	0	0.451760	0	6.122310	0	0.100255	0	17.351800	0	
301.514150	1	0.736853	0	7.323820	0	0.172589	0	0.839949	0	12.223300	0	0.143082	0	28.172500	0	
167.094000	0	1.061610	0	4.675920	0	0.130051	0	0.731926	0	9.885920	0	0.116206	0	25.566600	0	
301.339430	1	0.509771	0	10.687900	0	0.176025	0	0.931968	0	15.096300	0	0.162349	0	38.664500	0	
17.097000	0	0.516353	0	3.875890	0	0.122232	0	0.655849	0	8.822390	0	0.125342	0	23.383800	0	
52.514400	0	0.735344	0	5.167760	0	0.163113	0	0.779892	0	9.919000	0	0.120009	0	24.939000	0	
300.459025	1	0.708702	0	5.847790	0	0.130867	0	0.775814	0	10.793600	0	0.136246	0	26.078900	0	
300.816086	1	0.399200	0	4.919830	0	0.147996	0	0.691894	0	9.647020	0	0.126610	0	23.565800	0	
300.944268	1	1.421650	0	14.123700	0	0.405166	0	1.331860	0	19.979300	0	0.261362	0	42.696500	0	
300.389029	1	0.472070	0	4.115940	0	0.146992	0	0.815957	0	12.013600	0	0.118127	0	30.468100	0	
301.048221	1	1.041310	0	34.939300	0	0.535520	0	2.307790	0	35.392600	0	0.332154	0	71.923300	0	
300.576441	1	0.663846	0	10.643000	0	0.200071	0	1.123830	0	16.199300	0	0.157404	0	38.251800	0	
221.491000	0	0.781529	0	6.791860	0	0.170379	0	0.831420	0	12.237000	0	0.140484	0	27.789000	0	
301.401572	1	1.123130	0	12.327700	0	0.231348	0	1.079870	0	16.967700	0	0.177459	0	35.227500	0	
7.068320	0	0.293402	0	1.187730	0	0.098467	0	0.299989	0	3.984110	0	0.090103	0	11.753000	0	
300.801225	1	0.983998	0	5.659780	0	0.132256	0	0.783832	0	10.848200	0	0.134106	0	26.140300	0	
15.316500	0	0.537393	0	2.199920	0	0.102759	0	0.447784	0	5.901340	0	0.110541	0	16.467700	0	
300.888224	1	0.399286	0	3.803740	0	0.125396	0	0.555887	0	8.062610	0	0.110947	0	20.154300	0	
300.968531	1	0.846326	0	10.074000	0	0.202974	0	1.055840	0	15.888300	0	0.166113	0	37.345500	0	
301.415087	1	2.281930	0	12.387400	0	0.218711	0	1.123850	0	17.558300	0	0.183113	0	36.409300	0	
300.939581	1	0.429592	0	2.651830	0	0.105108	0	0.455862	0	6.124930	0	0.106681	0	16.453600	0	
301.103958	1	0.418709	0	4.967830	0	0.192006	0	0.787931	0	10.571400	0	0.138925	0	25.926000	0	
301.126939	1	1.061180	0	25.883700	0	0.463765	0	1.891890	0	28.031500	0	0.287567	0	56.807900	0	
138.569000	0	0.531346	0	7.255580	0	0.181109	0	0.867923	0	12.189300	0	0.138247	0	29.377600	0	
300.961957	1	0.631286	0	4.875810	0	0.156399	0	0.699877	0	9.820960	0	0.121526	0	27.276600	0	
301.654871	1	0.606342	0	11.011400	0	0.223974	0	1.099910	0	16.933000	0	0.176400	0	37.490600	0	
300.332257	1	0.531779	0	6.491740	0	0.151738	0	0.823932	0	11.566700	0	0.137557	0	27.834700	0	
300.507084	1	0.652251	0	7.887110	0	0.241247	0	1.175270	0	17.239200	0	0.152871	0	31.109300	0	
300.893600	1	0.446382	0	5.619780	0	0.143991	0	0.747926	0	10.585000	0	0.133395	0	25.641700	0	
301.105107	1	0.483690	0	7.039450	0	0.160020	0	0.803947	0	11.800900	0	0.140449	0	26.784700	0	
300.722480	1	0.559007	0	6.499110	0	0.198799	0	0.723901	0	10.601500	0	0.157194	0	21.655600	0	
300.590164	1	0.407327	0	3.031890	0	0.126945	0	0.447965	0	7.039940	0	0.121269	0	16.951400	0	
55.341300	0	0.541531	0	3.167870	0	0.163998	0	0.719865	0	7.693090	0	0.113063	0	19.424900	0	
300.586875	1	0.582912	0	9.547690	0	0.191733	0	1.023820	0	14.725500	0	0.154486	0	34.842200	0	
300.802379	1	0.721784	0	8.823770	0	0.172591	0	0.863888	0	13.134100	0	0.158732	0	29.345500	0	
300.700392	1	0.636402	0	4.135890	0	0.133965	0	0.715816	0	9.072180	0	0.117713	0	22.325800	0	
300.720207	1	0.524258	0	4.363890	0	0.132608	0	0.615950	0	9.012680	0	0.130393	0	26.241200	0	
300.623162	1	0.507847	0	5.503840	0	0.128073	0	0.743988	0	10.319800	0	0.129263	0	25.375800	0	
33.711200	0	0.615517	0	4.903780	0	0.128057	0	0.747862	0	10.218100	0	0.128604	0	30.175400	0	
300.920705	1	0.402732	0	4.003700	0	0.130017	0	0.671983	0	8.828320	0	0.116604	0	22.807500	0	
300.838512	1	0.837177	0	19.463500	0	0.476460	0	1.335830	0	22.361700	0	0.298351	0	42.713100	0	
32.907800	0	0.826973	0	3.567790	0	0.124097	0	0.623820	0	8.189620	0	0.119063	0	21.556200	0	
77.681600	0	1.064990	0	9.799920	0	0.207774	0	1.047960	0	15.770000	0	0.161086	0	43.860900	0	
102.942000	0	1.601480	0	6.615240	0	0.157381	0	0.859926	0	11.968900	0	0.140236	0	27.670000	0	
301.517711	1	1.470740	0	6.135750	0	0.214909	0	1.059810	0	12.510700	0	0.133450	0	27.264100	0	
300.988816	1	0.566426	0	5.391420	0	0.160087	0	0.755781	0	10.518000	0	0.133252	0	26.118600	0	
300.765855	1	0.440302	0	7.415790	0	0.170683	0	0.843875	0	12.830400	0	0.155139	0	29.482600	0	
301.487722	1	0.480692	0	14.179700	0	0.247994	0	1.159760	0	18.192300	0	0.187519	0	36.663500	0	
123.047000	0	0.955079	0	6.991190	0	0.154866	0	0.899752	0	12.538500	0	0.140367	0	30.426000	0	
52.116800	0	0.383481	0	3.435870	0	0.160881	0	0.587919	0	7.672520	0	0.118264	0	20.407900	0	
300.298925	1	0.387576	0	4.215730	0	0.128092	0	0.603915	0	8.526670	0	0.133369	0	21.624700	0	
300.769556	1	0.654979	0	17.403400	0	0.386598	0	1.247940	0	21.551800	0	0.274846	0	40.840100	0	
300.539150	1	0.891738	0	6.543820	0	0.202720	0	0.931943	0	12.431700	0	0.142725	0	30.553600	0	
142.868000	0	0.444074	0	2.291870	0	0.104972	0	0.411981	0	5.686580	0	0.103210	0	17.440500	0	
300.462708	1	0.392446	0	3.031910	0	0.120643	0	0.539927	0	7.100020	0	0.118391	0	19.601100	0	
300.737396	1	0.492880	0	4.451860	0	0.128154	0	0.547734	0	8.349610	0	0.122363	0	20.141700	0	
301.226120	1	0.466174	0	13.999800	0	0.264000	0	1.171800	0	17.882200	0	0.185199	0	39.183600	0	
301.002316	1	0.874731	0	8.051640	0	0.173028	0	0.979927	0	13.957800	0	0.149551	0	32.200400	0	
301.702883	1	1.630340	0	12.566000	0	0.223976	0	1.131910	0	18.111300	0	0.188340	0	37.384000	0	
300.925960	1	0.599894	0	9.873080	0	0.191980	0	1.023850	0	14.704600	0	0.145199	0	34.017600	0	
46.401900	0	0.463351	0	2.667840	0	0.153679	0	0.527920	0	6.717270	0	0.108846	0	17.894000	0	
301.027608	1	1.119400	0	7.775760	0	0.175362	0	0.739914	0	12.618700	0	0.156209	0	24.731700	0	
301.104887	1	0.944870	0	16.567600	0	0.431475	0	1.339870	0	20.725400	0	0.276081	0	42.345700	0	
301.003621	1	0.287552	0	6.007770	0	0.143991	0	0.699816	0	10.483100	0	0.136832	0	23.451700	0	
300.827562	1	0.811487	0	13.119900	0	0.246497	0	1.291850	0	17.723800	0	0.179466	0	36.663900	0	
300.511321	1	0.460346	0	4.151860	0	0.128056	0	0.639791	0	9.005980	0	0.122329	0	23.309400	0	
300.392146	1	0.942193	0	6.731850	0	0.160471	0	0.819919	0	12.011000	0	0.140460	0	26.946300	0	
141.273000	0	0.433060	0	5.143850	0	0.125948	0	0.803918	0	12.955900	0	0.119248	0	29.436100	0	
50.836100	0	0.569905	0	8.143570	0	0.171975	0	0.911758	0	13.205700	0	0.145543	0	29.705600	0	
301.869448	1	0.549351	0	8.239850	0	0.154266	0	1.011880	0	16.862700	0	0.158155	0	32.307100	0	
8.975580	0	0.564378	0	1.527280	0	0.102523	0	0.377017	0	4.801780	0	0.091259	0	15.625300	0	
56.363800	0	0.581452	0	5.247770	0	0.135994	0	0.783963	0	10.727300	0	0.123478	0	26.417600	0	
301.766002	1	3.621230	0	5.847600	0	0.231998	0	0.943895	0	10.514000	0	0.131201	0	24.440100	0	
300.974653	1	0.776402	0	16.947500	0	0.293030	0	1.191960	0	19.355700	0	0.207957	0	39.849100	0	
300.834282	1	0.432998	0	2.859820	0	0.122423	0	0.499857	0	6.691460	0	0.104522	0	17.624200	0	
300.557233	1	0.592750	0	5.979510	0	0.144031	0	0.843979	0	11.624400	0	0.140888	0	28.027300	0	
300.930988	1	0.521715	0	15.267400	0	0.284479	0	1.191880	0	18.800000	0	0.204034	0	38.700700	0	
300.906180	1	0.379361	0	4.675870	0	0.128023	0	0.623876	0	8.913120	0	0.116909	0	21.430900	0	
301.143673	1	0.543624	0	13.599700	0	0.271951	0	1.215880	0	18.847700	0	0.199635	0	40.995000	0	
300.652383	1	1.625450	0	13.788300	0	0.407597	0	1.330930	0	20.029300	0	0.264990	0	42.678200	0	
301.086957	1	1.843350	0	8.579280	0	0.172001	0	0.823936	0	14.095600	0	0.162436	0	28.576500	0	
300.865976	1	0.816286	0	11.667800	0	0.220178	0	1.051940	0	16.423600	0	0.175863	0	35.458900	0	
300.817704	1	0.638224	0	10.655700	0	0.206489	0	0.899946	0	14.782400	0	0.167489	0	29.802600	0	
300.774407	1	0.613097	0	5.323860	0	0.145731	0	0.679922	0	10.227700	0	0.134545	0	23.208600	0	
