4.865030	0	3.285110	0	0.020000	0	0.056000	0	0.000000	0	0.073117	0	0.044698	0	0.025014	0	
1.331790	0	0.381331	0	0.016000	0	0.043999	0	0.000000	0	0.054880	0	0.039998	0	0.019370	0	
6.664330	0	0.335374	0	0.015859	0	0.047997	0	0.000000	0	0.071250	0	0.045124	0	0.021688	0	
1.171040	0	0.090644	0	0.015139	0	0.033699	0	0.002908	0	0.050799	0	0.033933	0	0.019585	0	
49.304100	0	27.734100	0	0.032000	0	0.075999	0	0.003999	0	0.100000	0	0.059935	0	0.027113	0	
3.052630	0	0.104871	0	0.016000	0	0.043092	0	0.000000	0	0.057010	0	0.038034	0	0.019510	0	
3.634760	0	3.889810	0	0.019674	0	0.048143	0	0.000000	0	0.072744	0	0.043227	0	0.001867	0	
1.844290	0	269.335000	0	0.024001	0	0.059799	0	0.003998	0	0.077549	0	0.050749	0	0.025171	0	
0.843615	0	0.368815	0	0.020001	0	0.051999	0	0.000000	0	0.068997	0	0.042450	0	0.021346	0	
3.718990	0	0.708605	0	0.016000	0	0.045563	0	0.000000	0	0.064984	0	0.038965	0	0.021566	0	
3.777940	0	0.165815	0	0.015347	0	0.043451	0	0.000000	0	0.062089	0	0.038246	0	0.019383	0	
1.126200	0	0.189889	0	0.016000	0	0.051416	0	0.000000	0	0.067108	0	0.040964	0	0.021779	0	
0.578933	0	0.510419	0	0.012000	0	0.035998	0	0.000000	0	0.055596	0	0.035310	0	0.018571	0	
1.513160	0	1.148060	0	0.024000	0	0.049867	0	0.000000	0	0.069425	0	0.046029	0	0.021621	0	
1.694900	0	0.151821	0	0.016000	0	0.043606	0	0.000000	0	0.060208	0	0.040064	0	0.019465	0	
1.021310	0	1.388590	0	0.012000	0	0.043092	0	0.000000	0	0.059993	0	0.036606	0	0.018946	0	
5.484750	0	0.288866	0	0.016000	0	0.043999	0	0.000000	0	0.063544	0	0.040528	0	0.020194	0	
3.206790	0	0.179394	0	0.011995	0	0.043483	0	0.000000	0	0.060078	0	0.039999	0	0.019632	0	
6.773830	0	2.165130	0	0.012000	0	0.038656	0	0.003650	0	0.056149	0	0.033204	0	0.017467	0	
0.904043	0	5.294200	0	0.016000	0	0.047235	0	0.003784	0	0.063997	0	0.043957	0	0.020132	0	
5.983190	0	20.822100	0	0.020000	0	0.055999	0	0.000000	0	0.076449	0	0.049662	0	0.023629	0	
3.266800	0	1.663160	0	0.012000	0	0.033337	0	0.000000	0	0.054008	0	0.034194	0	0.014637	0	
2.333430	0	0.292756	0	0.020000	0	0.045724	0	0.003486	0	0.068151	0	0.042870	0	0.021607	0	
4.357050	0	1.439550	0	0.020000	0	0.047998	0	0.003074	0	0.067331	0	0.043121	0	0.020687	0	
4.543240	0	15.752900	0	0.023999	0	0.055999	0	0.003845	0	0.073675	0	0.042835	0	0.021338	0	
6.716130	0	1.516410	0	0.027999	0	0.067999	0	0.003993	0	0.089089	0	0.052030	0	0.021390	0	
1.255800	0	2.051950	0	0.016000	0	0.047999	0	0.000000	0	0.064870	0	0.040446	0	0.021409	0	
0.518091	0	0.771060	0	0.007999	0	0.026692	0	0.000000	0	0.044273	0	0.028266	0	0.012324	0	
2.341090	0	0.223497	0	0.016000	0	0.051999	0	0.000000	0	0.071002	0	0.043998	0	0.021823	0	
5.312230	0	0.450063	0	0.016000	0	0.047389	0	0.000000	0	0.065595	0	0.039900	0	0.020606	0	
1.605970	0	0.417506	0	0.020000	0	0.051999	0	0.003419	0	0.072405	0	0.043740	0	0.021887	0	
0.851188	0	0.326880	0	0.016001	0	0.043999	0	0.000000	0	0.058742	0	0.033171	0	0.017467	0	
6.814230	0	0.411948	0	0.011343	0	0.035999	0	0.004000	0	0.052811	0	0.032821	0	0.018964	0	
2.964140	0	6.836940	0	0.020000	0	0.055626	0	0.003512	0	0.073888	0	0.042902	0	0.018332	0	
0.709003	0	0.317922	0	0.012000	0	0.039566	0	0.000000	0	0.059978	0	0.036802	0	0.019874	0	
1.214400	0	0.112461	0	0.008000	0	0.027875	0	0.000000	0	0.045344	0	0.031077	0	0.016588	0	
4.782620	0	0.682740	0	0.020000	0	0.052000	0	0.000000	0	0.067041	0	0.045592	0	0.022354	0	
2.018760	0	6.334810	0	0.020000	0	0.055622	0	0.003269	0	0.068319	0	0.042829	0	0.022225	0	
6.858420	0	0.200427	0	0.016000	0	0.047134	0	0.003291	0	0.065139	0	0.039673	0	0.020420	0	
1.977270	0	0.238721	0	0.024000	0	0.059998	0	0.000000	0	0.077391	0	0.047996	0	0.020523	0	
0.690451	0	0.606893	0	0.008000	0	0.031308	0	0.003387	0	0.044176	0	0.030261	0	0.017562	0	
1.656430	0	21.668100	0	0.016000	0	0.047999	0	0.000000	0	0.060193	0	0.041646	0	0.017581	0	
6.163060	0	106.069000	0	0.020000	0	0.048516	0	0.003447	0	0.062433	0	0.045679	0	0.021338	0	
3.729480	0	42.455600	0	0.016000	0	0.043947	0	0.003579	0	0.061988	0	0.038579	0	0.021186	0	
7.296360	0	1.268110	0	0.020000	0	0.048237	0	0.000000	0	0.067979	0	0.043287	0	0.020894	0	
4.530470	0	0.173723	0	0.016000	0	0.043234	0	0.000000	0	0.059658	0	0.036293	0	0.020490	0	
4.351080	0	27.441300	0	0.019999	0	0.059999	0	0.003538	0	0.076867	0	0.043708	0	0.019177	0	
1.035690	0	0.391660	0	0.012839	0	0.031999	0	0.000000	0	0.044548	0	0.032000	0	0.017929	0	
1.465800	0	1.731130	0	0.012000	0	0.042337	0	0.000000	0	0.061226	0	0.037366	0	0.020233	0	
5.501340	0	0.363055	0	0.016000	0	0.043205	0	0.000000	0	0.059215	0	0.040416	0	0.019482	0	
2.707450	0	0.645191	0	0.020000	0	0.055756	0	0.000000	0	0.069124	0	0.046488	0	0.021656	0	
1.415020	0	3.657800	0	0.016000	0	0.043998	0	0.000610	0	0.061146	0	0.037540	0	0.016403	0	
1.134140	0	0.126339	0	0.020001	0	0.051298	0	0.003999	0	0.072000	0	0.045485	0	0.021102	0	
1.379410	0	5.736730	0	0.016000	0	0.047946	0	0.000000	0	0.064369	0	0.044423	0	0.017413	0	
3.306250	0	0.178480	0	0.016001	0	0.039940	0	0.003999	0	0.056211	0	0.037178	0	0.020452	0	
1.664540	0	1.854800	0	0.020000	0	0.055914	0	0.000000	0	0.072613	0	0.045284	0	0.015189	0	
7.448190	0	101.053000	0	0.024000	0	0.059998	0	0.003999	0	0.076089	0	0.055041	0	0.023708	0	
1.824940	0	0.704973	0	0.012000	0	0.039998	0	0.000000	0	0.055968	0	0.036109	0	0.018910	0	
1.851690	0	0.129491	0	0.012000	0	0.031998	0	0.002720	0	0.051993	0	0.034355	0	0.017748	0	
1.884600	0	0.103832	0	0.015910	0	0.043999	0	0.000000	0	0.065818	0	0.040936	0	0.021155	0	
1.352590	0	1.489690	0	0.016000	0	0.037846	0	0.003788	0	0.056538	0	0.038164	0	0.019326	0	
1.803570	0	0.164284	0	0.012000	0	0.043999	0	0.000000	0	0.063199	0	0.037729	0	0.017935	0	
1.284440	0	0.274901	0	0.015531	0	0.047991	0	0.000000	0	0.064456	0	0.038027	0	0.020399	0	
3.001050	0	1.314710	0	0.015947	0	0.047999	0	0.000000	0	0.064412	0	0.037742	0	0.022243	0	
3.925200	0	0.404880	0	0.016000	0	0.043518	0	0.003999	0	0.058887	0	0.031897	0	0.020730	0	
1.662400	0	0.165172	0	0.019947	0	0.047999	0	0.000000	0	0.068471	0	0.042685	0	0.020788	0	
1.559030	0	0.179597	0	0.016000	0	0.043979	0	0.000000	0	0.063463	0	0.037343	0	0.020726	0	
1.507180	0	0.205430	0	0.016000	0	0.038068	0	0.000000	0	0.055974	0	0.035999	0	0.018670	0	
2.965410	0	0.120690	0	0.012000	0	0.032000	0	0.000000	0	0.050816	0	0.033575	0	0.017617	0	
2.713280	0	0.155105	0	0.016000	0	0.035319	0	0.003963	0	0.054432	0	0.037007	0	0.018195	0	
6.899880	0	0.251416	0	0.019999	0	0.055505	0	0.002325	0	0.066524	0	0.045708	0	0.021657	0	
3.234570	0	0.324673	0	0.019999	0	0.051231	0	0.000000	0	0.069484	0	0.042556	0	0.021248	0	
1.062100	0	0.149153	0	0.012001	0	0.031998	0	0.000000	0	0.049252	0	0.028375	0	0.017524	0	
0.025430	0	0.026576	0	0.000000	0	0.000000	0	0.000000	0	0.000000	0	0.000000	0	0.001590	0	
0.032776	0	0.023438	0	0.000000	0	0.000000	0	0.000000	0	0.000000	0	0.000000	0	0.001495	0	
0.025377	0	0.030327	0	0.000000	0	0.000000	0	0.000000	0	0.000000	0	0.000000	0	0.001490	0	
0.028384	0	0.031470	0	0.000000	0	0.000000	0	0.000000	0	0.000000	0	0.000000	0	0.001552	0	
0.024806	0	0.030380	0	0.000000	0	0.000000	0	0.000000	0	0.000000	0	0.000000	0	0.001604	0	
1.046340	0	0.132733	0	0.011965	0	0.034842	0	0.000000	0	0.054282	0	0.040727	0	0.013895	0	
1.519610	0	4.758610	0	0.012000	0	0.035974	0	0.003999	0	0.054378	0	0.030301	0	0.019399	0	
1.488580	0	0.090587	0	0.016000	0	0.039998	0	0.000000	0	0.057451	0	0.034857	0	0.017813	0	
3.562370	0	10.536100	0	0.016000	0	0.043999	0	0.000000	0	0.059288	0	0.034983	0	0.020308	0	
2.257340	0	0.195243	0	0.020000	0	0.047999	0	0.000000	0	0.069154	0	0.046714	0	0.021581	0	
0.444566	0	0.248521	0	0.011999	0	0.025909	0	0.002919	0	0.042184	0	0.030002	0	0.017466	0	
2.370730	0	0.133398	0	0.012000	0	0.039999	0	0.000000	0	0.056967	0	0.036755	0	0.015333	0	
2.322040	0	13.173900	0	0.020000	0	0.047999	0	0.000000	0	0.068584	0	0.041429	0	0.018397	0	
4.904880	0	1.844410	0	0.016416	0	0.051999	0	0.003545	0	0.068498	0	0.045233	0	0.022172	0	
1.515350	0	0.179817	0	0.023858	0	0.051998	0	0.000000	0	0.073629	0	0.044157	0	0.021682	0	
3.095560	0	0.274969	0	0.019773	0	0.051998	0	0.000000	0	0.064278	0	0.045403	0	0.022768	0	
3.404180	0	0.730502	0	0.016000	0	0.039999	0	0.002971	0	0.056206	0	0.038368	0	0.020319	0	
8.786220	0	9.159860	0	0.024000	0	0.063900	0	0.003999	0	0.080001	0	0.048444	0	0.023971	0	
1.972790	0	1.449350	0	0.024000	0	0.060000	0	0.003936	0	0.076252	0	0.051158	0	0.023982	0	
1.658420	0	0.810215	0	0.016000	0	0.044903	0	0.000000	0	0.064937	0	0.036776	0	0.016739	0	
1.624420	0	0.222095	0	0.016000	0	0.046976	0	0.000000	0	0.053986	0	0.039999	0	0.019978	0	
3.394370	0	0.263558	0	0.020000	0	0.051999	0	0.003210	0	0.073533	0	0.045364	0	0.018632	0	
2.612300	0	4.699790	0	0.020000	0	0.051391	0	0.000000	0	0.068389	0	0.047807	0	0.022221	0	
5.488150	0	0.206137	0	0.016000	0	0.043999	0	0.000000	0	0.064457	0	0.042664	0	0.016925	0	
8.494970	0	0.135693	0	0.024000	0	0.058287	0	0.000000	0	0.080790	0	0.049862	0	0.023134	0	
4.804290	0	0.815058	0	0.024000	0	0.063999	0	0.000000	0	0.084000	0	0.056426	0	0.024451	0	
4.350920	0	0.186174	0	0.016000	0	0.047998	0	0.000000	0	0.062872	0	0.042830	0	0.016649	0	
