77.981800	0	0.653869	0	4.695570	0	0.139997	0	0.735827	0	9.775940	0	0.122006	0	25.081800	0	
300.632639	1	16.820600	0	32.362500	0	0.539840	0	2.043970	0	32.302100	0	0.318715	0	61.814900	0	
302.020646	1	1.311210	0	10.432900	0	0.208248	0	1.283750	0	16.772100	0	0.170032	0	39.770600	0	
301.044240	1	3.367710	0	37.295600	0	0.566865	0	2.327870	0	37.379000	0	0.334530	0	80.831800	0	
300.743548	1	0.688704	0	16.623600	0	0.475126	0	1.523950	0	22.913100	0	0.280055	0	47.583800	0	
301.023390	1	1.559310	0	14.898600	0	0.406979	0	1.259890	0	19.011100	0	0.249018	0	40.646500	0	
301.017758	1	2.591970	0	53.263400	0	0.618407	0	2.495840	0	42.392200	0	0.361591	0	77.425200	0	
300.621877	1	0.836059	0	18.535700	0	0.439999	0	1.531930	0	22.767400	0	0.277317	0	47.558400	0	
300.685141	1	12.771300	0	13.087800	0	0.380056	0	1.327930	0	19.653800	0	0.263767	0	42.840200	0	
301.036405	1	1.250730	0	20.819600	0	0.455816	0	1.507930	0	25.353600	0	0.286953	0	46.998800	0	
300.986134	1	0.983397	0	12.407700	0	0.329798	0	1.422330	0	16.754000	0	0.168778	0	37.112900	0	
300.665652	1	1.515880	0	38.987600	0	0.627576	0	2.403950	0	39.312100	0	0.333422	0	73.734600	0	
300.881219	1	0.751113	0	14.803600	0	0.327973	0	1.207960	0	19.070100	0	0.213959	0	39.619000	0	
245.637000	0	0.557352	0	12.631800	0	0.372717	0	1.555950	0	17.472900	0	0.194278	0	38.733800	0	
301.113229	1	1.012090	0	17.847600	0	0.431398	0	1.667960	0	22.974100	0	0.293051	0	46.482300	0	
301.067903	1	1.021380	0	15.303900	0	0.496029	0	1.291930	0	19.550300	0	0.247504	0	41.967800	0	
300.546135	1	0.830328	0	23.787700	0	0.456009	0	1.803870	0	26.853700	0	0.283835	0	57.826300	0	
99.455800	0	0.415280	0	3.651970	0	0.123979	0	0.667789	0	8.021960	0	0.116530	0	27.093400	0	
300.667362	1	0.824631	0	16.699500	0	0.443545	0	1.506990	0	22.404300	0	0.265367	0	47.418700	0	
301.238834	1	0.735105	0	44.995400	0	0.551838	0	2.283080	0	37.545600	0	0.359222	0	68.386100	0	
301.316951	1	1.447880	0	51.239500	0	0.535987	0	2.687810	0	44.495900	0	0.344920	0	79.415100	0	
301.583367	1	1.582710	0	15.243100	0	0.413996	0	1.339940	0	21.293100	0	0.268288	0	44.495300	0	
300.492759	1	1.497410	0	8.551860	0	0.166259	0	0.999787	0	14.774900	0	0.158730	0	39.289100	0	
300.581962	1	0.980640	0	13.995300	0	0.415055	0	1.335500	0	20.094600	0	0.278724	0	43.726300	0	
300.866721	1	0.564269	0	34.207400	0	0.520056	0	1.807800	0	29.964600	0	0.322719	0	53.436400	0	
300.589114	1	0.723052	0	13.559600	0	0.390679	0	1.335940	0	19.829000	0	0.263283	0	43.134800	0	
300.932728	1	6.052550	0	26.427000	0	0.644043	0	2.223910	0	30.938500	0	0.313111	0	62.033900	0	
300.693213	1	1.742400	0	22.535700	0	0.563288	0	1.795720	0	36.322100	0	0.346532	0	55.221500	0	
300.852766	1	3.413420	0	18.052900	0	0.503958	0	1.679820	0	24.977600	0	0.282454	0	53.057800	0	
300.847444	1	0.665446	0	18.863500	0	0.464254	0	1.647790	0	24.886200	0	0.283860	0	51.726500	0	
301.507788	1	0.691141	0	17.735700	0	0.431834	0	1.415870	0	22.051600	0	0.281936	0	44.368600	0	
300.991896	1	1.527660	0	18.859600	0	0.459391	0	1.575950	0	23.758500	0	0.287233	0	49.013100	0	
301.824799	1	0.723977	0	21.359400	0	0.468403	0	1.519760	0	24.444800	0	0.312870	0	48.366400	0	
301.159412	1	0.693809	0	24.787100	0	0.543833	0	1.667960	0	26.073400	0	0.300113	0	57.175500	0	
300.924850	1	1.250890	0	36.121400	0	0.596073	0	2.223880	0	35.229200	0	0.322244	0	71.440500	0	
43.033500	0	4.518620	0	3.943810	0	0.134929	0	0.651964	0	9.482490	0	0.117860	0	22.981500	0	
300.700925	1	1.028980	0	34.759100	0	0.555739	0	2.223940	0	33.971900	0	0.328037	0	72.857700	0	
300.578095	1	0.773034	0	9.091760	0	0.167847	0	0.991875	0	14.343700	0	0.146864	0	35.711900	0	
300.949470	1	73.204000	0	28.799500	0	0.531677	0	1.659890	0	28.762600	0	0.320628	0	51.989000	0	
300.662093	1	0.785003	0	23.586800	0	0.469345	0	1.775930	0	27.178500	0	0.297510	0	53.807100	0	
301.421130	1	45.507000	0	26.451700	0	0.487190	0	1.759950	0	28.600100	0	0.319842	0	52.272100	0	
37065.315476	1	4.088760	0	53.031600	0	0.574836	0	2.719950	0	45.117500	0	0.345014	0	84.289300	0	
300.727245	1	0.495140	0	13.759900	0	0.455353	0	1.403910	0	19.314400	0	0.242530	0	54.791900	0	
300.688014	1	0.781541	0	54.091300	0	0.702785	0	3.055910	0	45.897500	0	0.352267	0	94.199000	0	
301.259158	1	0.626511	0	4.289930	0	0.144705	0	0.631946	0	8.442600	0	0.144351	0	21.152000	0	
300.743291	1	4.008820	0	25.074000	0	0.507779	0	1.927710	0	28.911900	0	0.298144	0	58.266700	0	
300.808826	1	42.803500	0	53.039500	0	0.589810	0	2.847680	0	46.264800	0	0.367859	0	81.977200	0	
301.083591	1	1.059720	0	15.291200	0	0.487618	0	1.323970	0	19.790400	0	0.252432	0	43.724900	0	
300.737540	1	1.320060	0	38.018500	0	0.550951	0	2.579650	0	37.128700	0	0.320677	0	84.295200	0	
300.935050	1	1.552280	0	11.287500	0	0.199970	0	0.935972	0	14.997100	0	0.161177	0	31.475900	0	
301.190977	1	0.842133	0	15.607500	0	0.266332	0	1.179970	0	18.659200	0	0.217895	0	38.604300	0	
300.981890	1	1.033230	0	21.783700	0	0.602116	0	1.759820	0	26.081800	0	0.336349	0	56.432900	0	
300.887889	1	1.633940	0	26.029800	0	0.511944	0	1.975800	0	29.259900	0	0.318860	0	61.097300	0	
301.031156	1	0.674180	0	21.389200	0	0.475475	0	1.767930	0	26.508900	0	0.298861	0	56.806800	0	
300.670196	1	0.666604	0	15.871800	0	0.540013	0	1.355910	0	21.198900	0	0.280609	0	44.195800	0	
301.214729	1	0.487671	0	14.615400	0	0.379852	0	1.259590	0	19.270400	0	0.237682	0	41.898500	0	
300.600668	1	0.860997	0	18.486300	0	0.456559	0	1.583460	0	23.710100	0	0.274739	0	48.481100	0	
301.066861	1	0.429321	0	14.783800	0	0.268406	0	1.211490	0	18.346400	0	0.194705	0	38.833900	0	
300.772943	1	1.230220	0	29.954100	0	0.539647	0	2.099700	0	41.348400	0	0.310357	0	64.643000	0	
301.158283	1	1.245130	0	38.204900	0	0.741356	0	2.347870	0	37.144100	0	0.332507	0	77.561500	0	
300.751886	1	1.209580	0	28.727600	0	0.539090	0	2.075880	0	31.350400	0	0.323665	0	66.754100	0	
300.822796	1	3.164760	0	40.927600	0	0.555592	0	2.327880	0	41.186500	0	0.432117	0	71.483700	0	
300.878834	1	1.675520	0	22.977700	0	0.551651	0	1.723220	0	26.209600	0	0.323115	0	53.892700	0	
301.029244	1	1.220980	0	56.345900	0	0.679708	0	2.799850	0	44.905600	0	0.382307	0	80.820500	0	
301.288590	1	0.864042	0	16.659500	0	0.751779	0	1.795760	0	23.789500	0	0.263486	0	44.578100	0	
300.790156	1	0.896174	0	19.035600	0	0.483466	0	1.671770	0	25.022700	0	0.294760	0	53.281200	0	
303.649323	1	7.899820	0	30.671500	0	0.534827	0	2.023860	0	34.057600	0	0.323521	0	66.061900	0	
301.088271	1	1.334090	0	66.561000	0	0.618695	0	3.007760	0	50.551000	0	0.398195	0	84.816300	0	
300.971813	1	1.010930	0	71.275300	0	0.695429	0	3.307630	0	55.173600	0	0.377174	0	112.423000	0	
301.117711	1	1.469260	0	14.830500	0	0.308650	0	1.171880	0	18.557600	0	0.204483	0	38.656400	0	
301.652112	1	1.159550	0	19.163800	0	0.788005	0	2.067870	0	33.888400	0	0.338822	0	50.293200	0	
300.652108	1	1.104380	0	35.711400	0	0.619242	0	2.095490	0	34.100200	0	0.334731	0	62.260700	0	
300.520617	1	0.684124	0	8.751300	0	0.236628	0	1.067630	0	14.876800	0	0.167862	0	35.464300	0	
300.802698	1	11.092900	0	56.066600	0	0.595550	0	2.675730	0	45.498200	0	0.402737	0	80.457000	0	
301.028847	1	2.873640	0	34.042900	0	0.554713	0	2.171620	0	36.200200	0	0.394030	0	67.495200	0	
300.699337	1	1.172340	0	32.337200	0	0.527712	0	2.123860	0	33.734800	0	0.330012	0	63.331400	0	
301.002218	1	2.230230	0	22.335100	0	0.739999	0	1.803790	0	27.355000	0	0.323726	0	53.081000	0	
301.023552	1	1.142580	0	68.500800	0	0.604043	0	2.767930	0	50.142100	0	0.425975	0	80.110100	0	
301.162016	1	2.151590	0	27.919700	0	0.687638	0	1.783660	0	29.205000	0	0.305224	0	57.197100	0	
301.038366	1	8.451540	0	38.357500	0	0.511934	0	2.127740	0	36.517000	0	0.387484	0	63.022500	0	
301.249375	1	3.635790	0	33.979300	0	0.743243	0	2.267840	0	36.130100	0	0.338672	0	84.160300	0	
301.072280	1	1.675320	0	22.665700	0	0.543732	0	1.591890	0	25.534300	0	0.327082	0	51.764900	0	
301.170005	1	3.471240	0	46.391100	0	0.603629	0	2.371770	0	39.096000	0	0.355140	0	70.670500	0	
300.766906	1	1.239430	0	51.275400	0	0.567418	0	2.679910	0	42.466100	0	0.355158	0	79.762800	0	
300.960743	1	3.775330	0	25.075500	0	0.523185	0	1.951840	0	29.366900	0	0.312657	0	62.647900	0	
301.045147	1	1.558620	0	32.947700	0	0.527998	0	2.127460	0	33.981300	0	0.328287	0	63.589900	0	
301.005422	1	0.617791	0	4.519800	0	0.149106	0	0.775763	0	9.580940	0	0.125013	0	33.574900	0	
300.850018	1	8.110810	0	34.311400	0	0.554791	0	2.219810	0	35.631300	0	0.337433	0	70.703200	0	
301.068890	1	1.831850	0	14.407700	0	0.283251	0	1.187880	0	18.264600	0	0.203276	0	38.498100	0	
302.751679	1	0.581263	0	8.331670	0	0.243323	0	1.223820	0	12.826100	0	0.155102	0	29.783900	0	
300.744895	1	0.414194	0	5.891690	0	0.147994	0	0.751980	0	10.726100	0	0.127585	0	25.169200	0	
300.733131	1	1.152800	0	16.507400	0	0.542609	0	1.455810	0	22.792700	0	0.292293	0	44.645800	0	
300.602670	1	0.712396	0	5.618260	0	0.145671	0	0.723899	0	10.250600	0	0.127162	0	25.244100	0	
300.755042	1	1.144820	0	18.271500	0	0.459467	0	1.571870	0	23.571600	0	0.291589	0	48.774600	0	
301.493119	1	4.338720	0	20.094600	0	0.495490	0	1.647750	0	24.267000	0	0.283519	0	49.294400	0	
300.718927	1	3.092020	0	14.515900	0	0.416060	0	1.419830	0	20.963400	0	0.260337	0	44.208500	0	
301.006162	1	1.153840	0	27.243000	0	0.854913	0	2.547650	0	34.681700	0	0.311190	0	61.535300	0	
300.692944	1	0.469359	0	10.299300	0	0.211448	0	1.051780	0	15.830500	0	0.170371	0	36.902300	0	
300.747175	1	0.946534	0	17.543700	0	0.471442	0	1.575930	0	23.560300	0	0.276058	0	49.607200	0	
300.719048	1	0.880690	0	17.730600	0	0.395899	0	1.631880	0	24.936900	0	0.297596	0	67.031400	0	
