1.740330	0	259.202000	0	0.016000	0	0.051915	0	0.000000	0	0.064868	0	0.040528	0	0.022484	0	
2.352010	0	1.436720	0	0.023886	0	0.059999	0	0.000000	0	0.084860	0	0.052000	0	0.023757	0	
4.098040	0	0.218871	0	0.012000	0	0.035966	0	0.000000	0	0.049103	0	0.033736	0	0.018263	0	
7.521370	0	0.194329	0	0.020000	0	0.051697	0	0.000000	0	0.072482	0	0.042324	0	0.022624	0	
6.170660	0	25.896400	0	0.028000	0	0.067999	0	0.003794	0	0.088612	0	0.048079	0	0.024743	0	
5.303990	0	1.394260	0	0.024000	0	0.059863	0	0.000000	0	0.079668	0	0.048529	0	0.019445	0	
3.677380	0	0.472415	0	0.020000	0	0.045871	0	0.000000	0	0.067941	0	0.044220	0	0.021851	0	
2.518310	0	14.178000	0	0.020000	0	0.051999	0	0.003303	0	0.071833	0	0.049813	0	0.024097	0	
5.648050	0	3.244500	0	0.023407	0	0.063999	0	0.003523	0	0.084387	0	0.052035	0	0.025440	0	
4.874390	0	0.602724	0	0.024000	0	0.063983	0	0.003650	0	0.081935	0	0.049365	0	0.024696	0	
5.945770	0	20.043500	0	0.028001	0	0.067999	0	0.000000	0	0.084906	0	0.053347	0	0.025760	0	
6.446560	0	19.933700	0	0.028000	0	0.064000	0	0.003432	0	0.087999	0	0.051461	0	0.024213	0	
9.267640	0	55.120400	0	0.023976	0	0.063980	0	0.000000	0	0.082292	0	0.059829	0	0.025052	0	
4.418640	0	2.254740	0	0.028002	0	0.067996	0	0.000000	0	0.088153	0	0.055124	0	0.026560	0	
6.007550	0	11.890000	0	0.023947	0	0.060067	0	0.003741	0	0.085718	0	0.052110	0	0.024971	0	
4.306730	0	1.190820	0	0.016000	0	0.047999	0	0.000000	0	0.065789	0	0.040116	0	0.018343	0	
0.940253	0	0.873309	0	0.024001	0	0.059999	0	0.004000	0	0.073395	0	0.050288	0	0.020934	0	
0.558720	0	0.110751	0	0.016000	0	0.047127	0	0.003999	0	0.056689	0	0.040933	0	0.020754	0	
8.602690	0	3.624950	0	0.023995	0	0.059998	0	0.002076	0	0.080000	0	0.049809	0	0.024263	0	
6.317270	0	0.237984	0	0.028000	0	0.063998	0	0.002111	0	0.082497	0	0.049524	0	0.024000	0	
4.747520	0	43.295900	0	0.028000	0	0.067999	0	0.000000	0	0.088346	0	0.056483	0	0.025809	0	
7.485720	0	8.435420	0	0.019858	0	0.047999	0	0.000000	0	0.064627	0	0.040884	0	0.020660	0	
2.590670	0	0.228050	0	0.024000	0	0.057215	0	0.000000	0	0.082025	0	0.049288	0	0.024332	0	
3.928250	0	0.126299	0	0.023863	0	0.059990	0	0.000000	0	0.076906	0	0.049036	0	0.024309	0	
3.513680	0	0.164464	0	0.023996	0	0.059995	0	0.000000	0	0.079586	0	0.052473	0	0.023904	0	
2.590700	0	57.005300	0	0.020000	0	0.051999	0	0.000000	0	0.072501	0	0.040815	0	0.021106	0	
7.500180	0	0.201096	0	0.035899	0	0.076175	0	0.003999	0	0.103959	0	0.063955	0	0.026151	0	
2.592440	0	57.051100	0	0.040000	0	0.086058	0	0.000000	0	0.100364	0	0.065813	0	0.028579	0	
4.564090	0	0.482073	0	0.019472	0	0.055999	0	0.000000	0	0.071677	0	0.044382	0	0.022213	0	
0.995722	0	0.123289	0	0.016000	0	0.043687	0	0.000000	0	0.059999	0	0.033723	0	0.020120	0	
10.807400	0	300.268093	1	0.024000	0	0.063999	0	0.000000	0	0.084000	0	0.052074	0	0.026021	0	
5.297870	0	0.209221	0	0.024000	0	0.064244	0	0.000000	0	0.081444	0	0.053054	0	0.023161	0	
1.420310	0	0.266241	0	0.020000	0	0.051998	0	0.000000	0	0.069958	0	0.046416	0	0.021779	0	
7.814580	0	0.469009	0	0.020000	0	0.051999	0	0.000000	0	0.065235	0	0.045230	0	0.022221	0	
4.416120	0	2.680980	0	0.020000	0	0.052000	0	0.000000	0	0.069332	0	0.044335	0	0.022072	0	
3.672010	0	1.000620	0	0.028000	0	0.064139	0	0.000000	0	0.086158	0	0.054396	0	0.023551	0	
8.461030	0	12.824700	0	0.032000	0	0.071944	0	0.000000	0	0.092000	0	0.056125	0	0.026358	0	
3.156060	0	14.529300	0	0.028000	0	0.060241	0	0.000000	0	0.088069	0	0.056389	0	0.025782	0	
8.037840	0	98.386900	0	0.024000	0	0.063999	0	0.003999	0	0.073582	0	0.049964	0	0.024708	0	
9.338150	0	0.342135	0	0.024000	0	0.060000	0	0.000000	0	0.070042	0	0.043476	0	0.023394	0	
9.552080	0	0.968133	0	0.019999	0	0.059990	0	0.000000	0	0.073464	0	0.048701	0	0.022727	0	
4.746430	0	237.566000	0	0.023996	0	0.060080	0	0.003999	0	0.084002	0	0.052004	0	0.021740	0	
8.747500	0	0.198081	0	0.023997	0	0.060000	0	0.000000	0	0.083997	0	0.050660	0	0.020321	0	
9.170110	0	0.399609	0	0.020000	0	0.052000	0	0.000000	0	0.070339	0	0.043034	0	0.022230	0	
1.890790	0	0.545241	0	0.020001	0	0.051999	0	0.003718	0	0.071995	0	0.044714	0	0.022264	0	
6.087660	0	0.836291	0	0.027999	0	0.063999	0	0.000000	0	0.081873	0	0.049878	0	0.025234	0	
6.556190	0	23.548800	0	0.024012	0	0.059999	0	0.000000	0	0.080000	0	0.053526	0	0.022928	0	
1.504110	0	0.281544	0	0.019999	0	0.051999	0	0.000000	0	0.068297	0	0.041184	0	0.021069	0	
4.858700	0	1.660760	0	0.028000	0	0.064155	0	0.003999	0	0.088476	0	0.053670	0	0.024907	0	
4.393520	0	16.719800	0	0.024001	0	0.055640	0	0.000000	0	0.077150	0	0.048460	0	0.023154	0	
3.996610	0	0.366857	0	0.024000	0	0.056000	0	0.000000	0	0.074456	0	0.044603	0	0.022514	0	
7.153490	0	0.201968	0	0.011982	0	0.034588	0	0.003184	0	0.050808	0	0.035161	0	0.018640	0	
2.444020	0	8.711800	0	0.027861	0	0.064285	0	0.004000	0	0.080084	0	0.056683	0	0.023534	0	
2.410410	0	1.443240	0	0.020000	0	0.048000	0	0.003029	0	0.065771	0	0.037217	0	0.021140	0	
3.205890	0	0.492702	0	0.020000	0	0.047999	0	0.000000	0	0.069673	0	0.043495	0	0.021505	0	
3.913010	0	0.392039	0	0.028000	0	0.063999	0	0.000000	0	0.087874	0	0.057399	0	0.024242	0	
2.151360	0	12.763000	0	0.016000	0	0.043814	0	0.000000	0	0.054189	0	0.037411	0	0.020518	0	
6.329450	0	247.945000	0	0.024000	0	0.059999	0	0.003508	0	0.078492	0	0.049413	0	0.026009	0	
6.221940	0	1.625650	0	0.028000	0	0.068000	0	0.000000	0	0.091939	0	0.053313	0	0.023957	0	
7.070660	0	7.912600	0	0.032000	0	0.073040	0	0.003999	0	0.095999	0	0.061126	0	0.025438	0	
1.925850	0	1.002260	0	0.028000	0	0.072000	0	0.003711	0	0.093088	0	0.057816	0	0.025328	0	
2.438010	0	7.396710	0	0.024000	0	0.051999	0	0.000000	0	0.072267	0	0.041092	0	0.022581	0	
3.084110	0	0.284856	0	0.020000	0	0.048000	0	0.003181	0	0.063069	0	0.040620	0	0.019971	0	
2.007890	0	4.906400	0	0.028000	0	0.059999	0	0.003572	0	0.080474	0	0.052112	0	0.023767	0	
8.654870	0	7.600070	0	0.028000	0	0.067999	0	0.003664	0	0.080676	0	0.055828	0	0.025461	0	
5.488160	0	0.131351	0	0.028000	0	0.063999	0	0.003999	0	0.084111	0	0.053792	0	0.024286	0	
1.774980	0	5.919430	0	0.020000	0	0.060000	0	0.000000	0	0.075933	0	0.046456	0	0.023241	0	
2.717130	0	1.950910	0	0.028000	0	0.061070	0	0.000000	0	0.084593	0	0.053900	0	0.020260	0	
6.471730	0	6.321600	0	0.020000	0	0.050048	0	0.000000	0	0.070453	0	0.050617	0	0.021553	0	
2.249000	0	8.336640	0	0.024000	0	0.064000	0	0.000000	0	0.080895	0	0.045878	0	0.023840	0	
8.269840	0	0.131946	0	0.016000	0	0.043863	0	0.003198	0	0.060699	0	0.037838	0	0.020077	0	
1.391500	0	18.419100	0	0.019997	0	0.047999	0	0.000000	0	0.068564	0	0.041553	0	0.020403	0	
4.703090	0	0.336318	0	0.020000	0	0.048683	0	0.000000	0	0.070496	0	0.046167	0	0.023403	0	
5.828370	0	1.620230	0	0.015991	0	0.052000	0	0.000000	0	0.073017	0	0.043999	0	0.023082	0	
2.741220	0	2.217930	0	0.036000	0	0.072150	0	0.000000	0	0.095995	0	0.060000	0	0.025478	0	
5.070680	0	0.830260	0	0.016000	0	0.044000	0	0.000000	0	0.064137	0	0.043122	0	0.019889	0	
9.593970	0	21.020900	0	0.024000	0	0.052000	0	0.004000	0	0.068490	0	0.040198	0	0.021565	0	
1.914870	0	1.491520	0	0.024000	0	0.052000	0	0.000000	0	0.069711	0	0.044900	0	0.021528	0	
3.597330	0	0.453882	0	0.020000	0	0.051999	0	0.000000	0	0.063819	0	0.040784	0	0.019152	0	
3.472500	0	0.300899	0	0.028000	0	0.063879	0	0.000000	0	0.085275	0	0.051574	0	0.024314	0	
7.312750	0	1.701880	0	0.024000	0	0.060035	0	0.000000	0	0.084842	0	0.052952	0	0.024425	0	
1.040290	0	2.161320	0	0.024000	0	0.059999	0	0.000000	0	0.076131	0	0.049838	0	0.023598	0	
2.730250	0	0.195506	0	0.024000	0	0.059999	0	0.000000	0	0.075404	0	0.048580	0	0.022575	0	
1.091960	0	3.108490	0	0.016000	0	0.044000	0	0.000000	0	0.064262	0	0.037298	0	0.019963	0	
2.025930	0	1.418420	0	0.032000	0	0.071999	0	0.000000	0	0.088947	0	0.053353	0	0.024265	0	
7.655580	0	0.245227	0	0.031338	0	0.067998	0	0.000000	0	0.085084	0	0.052884	0	0.023823	0	
0.686489	0	0.100359	0	0.020000	0	0.045637	0	0.003999	0	0.065868	0	0.042142	0	0.020646	0	
3.431950	0	0.856962	0	0.016000	0	0.039999	0	0.000000	0	0.053928	0	0.035216	0	0.015908	0	
2.965410	0	2.775370	0	0.020000	0	0.051879	0	0.000000	0	0.073201	0	0.046507	0	0.022104	0	
3.835870	0	2.899350	0	0.015863	0	0.038904	0	0.000000	0	0.062412	0	0.036868	0	0.020312	0	
4.066090	0	2.130310	0	0.024000	0	0.055996	0	0.000000	0	0.077263	0	0.052000	0	0.022597	0	
3.539020	0	3.238900	0	0.016699	0	0.039999	0	0.000000	0	0.058438	0	0.038767	0	0.020303	0	
5.797170	0	18.199900	0	0.016000	0	0.036000	0	0.003747	0	0.049658	0	0.037563	0	0.019660	0	
5.024500	0	5.679050	0	0.012000	0	0.039157	0	0.000000	0	0.053513	0	0.038859	0	0.020085	0	
5.401330	0	22.818100	0	0.036000	0	0.076000	0	0.000000	0	0.093396	0	0.056801	0	0.022119	0	
5.203960	0	124.817000	0	0.020000	0	0.056000	0	0.003999	0	0.076157	0	0.049233	0	0.023020	0	
12.706800	0	0.569797	0	0.040000	0	0.072171	0	0.000000	0	0.099996	0	0.064186	0	0.028242	0	
1.420200	0	1.862550	0	0.020000	0	0.047999	0	0.003999	0	0.066277	0	0.042559	0	0.021073	0	
7.038460	0	0.263222	0	0.023999	0	0.055999	0	0.000000	0	0.077480	0	0.049774	0	0.023541	0	
3.293930	0	0.129043	0	0.020000	0	0.052000	0	0.000000	0	0.073336	0	0.045479	0	0.021689	0	
