49.337200	0	0.318130	0	0.875899	0	0.070770	0	0.228000	0	2.915860	0	0.088064	0	8.784390	0	
0.443848	0	0.169077	0	0.232022	0	0.052457	0	0.123989	0	1.228130	0	0.055006	0	4.310500	0	
4.554790	0	0.325616	0	1.215440	0	0.083044	0	0.319941	0	4.031100	0	0.086984	0	11.782100	0	
12.869500	0	0.231407	0	0.455989	0	0.068537	0	0.123689	0	1.727750	0	0.072370	0	4.467170	0	
0.127557	0	0.149739	0	0.116007	0	0.022683	0	0.072003	0	0.746425	0	0.034874	0	2.587410	0	
4.095580	0	0.177620	0	0.543964	0	0.072570	0	0.179874	0	2.212590	0	0.071089	0	7.026190	0	
24.238500	0	0.259599	0	0.539642	0	0.072796	0	0.167885	0	2.096250	0	0.076405	0	6.217740	0	
1.251790	0	0.233992	0	0.223944	0	0.040999	0	0.103923	0	1.130640	0	0.046298	0	3.949270	0	
1.143320	0	0.170622	0	0.227671	0	0.038165	0	0.071997	0	1.117210	0	0.045288	0	2.850750	0	
1.124360	0	0.274082	0	0.368027	0	0.067521	0	0.155956	0	1.720270	0	0.072057	0	5.818820	0	
3.396460	0	0.221705	0	0.347843	0	0.060595	0	0.159592	0	1.586720	0	0.068489	0	5.243210	0	
2.660150	0	0.337151	0	0.775947	0	0.080040	0	0.228027	0	2.811620	0	0.081493	0	8.767850	0	
0.425028	0	0.261421	0	0.263846	0	0.058481	0	0.127885	0	1.360290	0	0.057048	0	4.759780	0	
3.498660	0	0.223743	0	0.283729	0	0.044401	0	0.111880	0	1.203910	0	0.046056	0	3.966450	0	
36.256300	0	0.232610	0	0.611915	0	0.071168	0	0.163986	0	2.101890	0	0.074090	0	5.851700	0	
26.458500	0	0.273118	0	0.599740	0	0.073676	0	0.155772	0	2.091470	0	0.078708	0	5.359400	0	
0.853277	0	0.202781	0	0.359911	0	0.063147	0	0.155926	0	1.727710	0	0.068820	0	5.841450	0	
33.435300	0	0.247777	0	0.580012	0	0.077726	0	0.176000	0	2.122920	0	0.075739	0	6.233670	0	
1.512960	0	0.258888	0	0.375985	0	0.048811	0	0.159995	0	1.873300	0	0.070102	0	6.286440	0	
0.620941	0	0.247921	0	0.600004	0	0.066000	0	0.211823	0	2.503560	0	0.073261	0	8.364230	0	
1.000990	0	0.289327	0	0.311673	0	0.065209	0	0.147818	0	1.503040	0	0.067627	0	4.751480	0	
4.413510	0	0.373117	0	0.931903	0	0.077695	0	0.271761	0	3.395200	0	0.087243	0	10.559100	0	
5.206000	0	0.394568	0	0.839979	0	0.080413	0	0.251801	0	3.089490	0	0.083345	0	9.586310	0	
4.914570	0	0.316393	0	0.995774	0	0.087998	0	0.236036	0	3.346030	0	0.083547	0	9.727380	0	
2.661170	0	0.253628	0	1.011800	0	0.073015	0	0.299999	0	3.503120	0	0.078508	0	10.994100	0	
0.186382	0	0.149427	0	0.187707	0	0.020228	0	0.111981	0	1.047910	0	0.040083	0	3.957840	0	
11.673000	0	0.315014	0	0.627849	0	0.072355	0	0.211963	0	2.481280	0	0.078768	0	8.368390	0	
1.040450	0	0.174972	0	0.552023	0	0.074168	0	0.171895	0	2.208010	0	0.070719	0	6.953400	0	
0.519392	0	0.276656	0	0.483812	0	0.067124	0	0.203853	0	2.181460	0	0.070323	0	7.538430	0	
21.113300	0	0.237886	0	0.723571	0	0.074578	0	0.179965	0	2.544070	0	0.081290	0	6.950650	0	
1.351050	0	0.281915	0	0.527909	0	0.060725	0	0.195811	0	2.275400	0	0.074655	0	7.488540	0	
189.152000	0	0.288063	0	1.071940	0	0.081783	0	0.247897	0	3.304330	0	0.076789	0	9.646400	0	
31.218500	0	0.270928	0	1.003690	0	0.073720	0	0.239716	0	3.146160	0	0.086971	0	8.793720	0	
300.672054	1	0.431507	0	2.399800	0	0.097195	0	0.403801	0	5.635450	0	0.096115	0	14.985000	0	
13.410100	0	0.332438	0	0.935896	0	0.086468	0	0.215871	0	2.856000	0	0.083465	0	8.375960	0	
1.171070	0	0.248845	0	0.395731	0	0.071997	0	0.183847	0	1.919490	0	0.074269	0	6.285910	0	
3.283830	0	0.275223	0	0.591893	0	0.072108	0	0.175942	0	2.323670	0	0.078114	0	7.046290	0	
68.562900	0	0.258730	0	0.787119	0	0.076644	0	0.179232	0	2.472160	0	0.082956	0	7.020060	0	
5.810150	0	0.243064	0	0.439810	0	0.073988	0	0.163932	0	1.924690	0	0.072251	0	5.879410	0	
300.856493	1	0.386170	0	2.583930	0	0.096571	0	0.439820	0	6.218960	0	0.108830	0	15.868200	0	
1.240800	0	0.275987	0	0.490786	0	0.061197	0	0.195845	0	2.212460	0	0.065301	0	7.526160	0	
4.372490	0	0.324257	0	1.374980	0	0.084969	0	0.319840	0	4.167940	0	0.093077	0	11.801000	0	
70.942000	0	0.338307	0	2.951920	0	0.110270	0	0.415871	0	6.516880	0	0.112157	0	14.693100	0	
0.959102	0	0.311434	0	0.759885	0	0.067999	0	0.255961	0	2.937640	0	0.068768	0	9.578020	0	
100.816000	0	0.289516	0	0.471977	0	0.059008	0	0.159941	0	1.935190	0	0.074774	0	5.857920	0	
5.491130	0	0.358155	0	1.131420	0	0.083359	0	0.291973	0	3.761840	0	0.085172	0	10.884400	0	
30.109400	0	0.291405	0	2.575820	0	0.109892	0	0.487904	0	6.309650	0	0.101434	0	17.084800	0	
6.730140	0	0.344724	0	0.783971	0	0.076526	0	0.207911	0	2.753700	0	0.081280	0	8.249540	0	
22.738100	0	0.417731	0	3.435630	0	0.116107	0	0.539776	0	7.570380	0	0.115163	0	19.318800	0	
0.676050	0	0.244159	0	0.391906	0	0.064006	0	0.175818	0	1.892610	0	0.067707	0	6.248550	0	
25.154200	0	0.436631	0	1.391340	0	0.090328	0	0.323925	0	4.184580	0	0.087749	0	11.842100	0	
0.980217	0	0.173580	0	0.463880	0	0.065416	0	0.175982	0	2.119260	0	0.069117	0	7.003170	0	
4.013850	0	0.289270	0	0.783796	0	0.076497	0	0.215839	0	2.915600	0	0.083798	0	8.225030	0	
3.565260	0	0.159938	0	0.315909	0	0.057004	0	0.123803	0	1.430150	0	0.060330	0	4.816320	0	
4.786140	0	0.204801	0	1.027540	0	0.076992	0	0.295740	0	3.671750	0	0.084984	0	10.986000	0	
2.719070	0	0.299825	0	0.865612	0	0.075513	0	0.271934	0	3.185630	0	0.077999	0	10.305400	0	
45.361700	0	0.248319	0	0.499960	0	0.066932	0	0.175883	0	2.030870	0	0.071560	0	6.272060	0	
8.426890	0	0.273272	0	0.326761	0	0.058914	0	0.123956	0	1.430900	0	0.063577	0	4.415170	0	
15.334700	0	0.592703	0	2.726620	0	0.106062	0	0.523917	0	6.641130	0	0.106458	0	17.840600	0	
6.865070	0	0.191495	0	0.795925	0	0.078506	0	0.231826	0	2.957810	0	0.082056	0	8.762100	0	
36.359000	0	0.186304	0	0.851331	0	0.074822	0	0.215911	0	2.781060	0	0.081232	0	8.292360	0	
4.087190	0	0.226087	0	0.995970	0	0.083993	0	0.267972	0	3.450310	0	0.078261	0	10.256700	0	
65.366500	0	0.289031	0	1.151860	0	0.085022	0	0.187878	0	3.073560	0	0.088214	0	7.547350	0	
9.304680	0	0.303182	0	0.699840	0	0.080496	0	0.199899	0	2.551600	0	0.078785	0	7.564470	0	
5.312020	0	0.357546	0	1.307940	0	0.086193	0	0.290338	0	4.114500	0	0.087445	0	10.931100	0	
37.809500	0	0.382538	0	1.499320	0	0.099552	0	0.255764	0	4.041390	0	0.095594	0	9.559400	0	
2.608270	0	0.334135	0	0.887739	0	0.078781	0	0.251954	0	3.147650	0	0.082660	0	9.605860	0	
0.421986	0	0.166756	0	0.295820	0	0.052853	0	0.135986	0	1.435220	0	0.063837	0	5.229620	0	
44.305100	0	0.212352	0	1.363900	0	0.086987	0	0.279983	0	4.110350	0	0.088583	0	10.900800	0	
2.914310	0	0.288186	0	0.419913	0	0.064205	0	0.135999	0	1.863810	0	0.072693	0	5.391820	0	
104.573000	0	0.380749	0	1.007870	0	0.087424	0	0.231825	0	3.180300	0	0.087624	0	8.837450	0	
3.705600	0	0.300161	0	0.555878	0	0.064423	0	0.183873	0	2.274570	0	0.073538	0	7.158610	0	
0.839443	0	0.171031	0	0.464000	0	0.060164	0	0.187835	0	2.172880	0	0.071325	0	7.466370	0	
165.919000	0	0.325713	0	1.599950	0	0.087963	0	0.323871	0	4.539480	0	0.098058	0	11.729300	0	
47.959100	0	0.278949	0	1.470460	0	0.081121	0	0.231989	0	3.940200	0	0.100061	0	8.898670	0	
2.248200	0	0.290253	0	0.711845	0	0.081364	0	0.227855	0	2.793400	0	0.081031	0	8.806450	0	
6.001480	0	0.398160	0	1.339500	0	0.082525	0	0.343926	0	4.409740	0	0.082988	0	12.970800	0	
5.577950	0	0.281766	0	1.255120	0	0.087890	0	0.303770	0	3.934490	0	0.087388	0	11.024600	0	
14.260900	0	0.276800	0	0.835964	0	0.073308	0	0.235750	0	3.008710	0	0.085389	0	8.827750	0	
80.558700	0	0.224040	0	1.495930	0	0.087993	0	0.343886	0	4.577030	0	0.082863	0	12.974300	0	
2.644790	0	0.158973	0	0.331833	0	0.064270	0	0.139866	0	1.559260	0	0.056505	0	5.219040	0	
300.582422	1	0.311038	0	2.595840	0	0.099993	0	0.403871	0	5.754150	0	0.098215	0	15.052700	0	
1.731130	0	0.189627	0	0.315755	0	0.062124	0	0.111985	0	1.366590	0	0.064375	0	4.296400	0	
12.376900	0	0.254562	0	0.595904	0	0.073028	0	0.179895	0	2.252890	0	0.078685	0	7.094130	0	
1.290630	0	0.305471	0	0.363948	0	0.072000	0	0.127990	0	1.623900	0	0.066372	0	4.797130	0	
1.907490	0	0.196116	0	1.139860	0	0.081741	0	0.299789	0	3.761240	0	0.083500	0	11.021100	0	
7.682550	0	0.378752	0	1.199960	0	0.086116	0	0.272014	0	3.842070	0	0.088349	0	10.310900	0	
64.064300	0	0.320682	0	1.427860	0	0.090111	0	0.323803	0	4.193650	0	0.093011	0	11.804900	0	
1.523140	0	0.176148	0	0.627816	0	0.072572	0	0.204051	0	2.544850	0	0.074664	0	8.271570	0	
28.137200	0	0.160925	0	0.367976	0	0.060739	0	0.131957	0	1.499560	0	0.070547	0	4.798120	0	
121.387000	0	0.282604	0	1.003800	0	0.079990	0	0.247936	0	3.312620	0	0.082255	0	9.695580	0	
300.966728	1	0.256062	0	1.539880	0	0.100116	0	0.255966	0	3.871800	0	0.091173	0	9.706220	0	
46.499100	0	0.255766	0	0.627891	0	0.067634	0	0.155998	0	2.111440	0	0.075787	0	5.362250	0	
23.506500	0	0.178652	0	0.455902	0	0.069752	0	0.147937	0	1.665960	0	0.071386	0	4.733860	0	
4.239850	0	0.283752	0	0.799809	0	0.077149	0	0.199991	0	2.804340	0	0.080956	0	7.592360	0	
4.322670	0	0.414321	0	1.191840	0	0.088051	0	0.291792	0	3.839210	0	0.083017	0	11.031800	0	
3.286310	0	0.282895	0	0.591868	0	0.069769	0	0.179771	0	2.229520	0	0.073468	0	7.051970	0	
1.665080	0	0.399011	0	0.667850	0	0.074547	0	0.211930	0	2.603860	0	0.078681	0	8.363300	0	
2.972310	0	0.222447	0	0.511922	0	0.068538	0	0.175963	0	2.169620	0	0.075224	0	7.043990	0	
42.795500	0	0.322465	0	0.983785	0	0.074599	0	0.227662	0	3.037470	0	0.084877	0	8.804380	0	
