301.099312	1	0.381210	0	3.015750	0	0.114995	0	0.475968	0	6.622440	0	0.113012	0	16.844900	0	
300.959256	1	0.366125	0	3.386030	0	0.120313	0	0.359977	0	6.059390	0	0.118657	0	13.647600	0	
33.073200	0	0.378518	0	4.067990	0	0.113789	0	0.583481	0	8.133570	0	0.117872	0	20.398700	0	
300.693678	1	0.255661	0	2.863720	0	0.111429	0	0.403768	0	6.053120	0	0.101915	0	15.169700	0	
309.838688	1	0.350627	0	3.714610	0	0.108556	0	0.631946	0	8.503730	0	0.116973	0	21.447400	0	
224.953000	0	0.533241	0	2.901970	0	0.106566	0	0.435916	0	6.551860	0	0.116740	0	15.645100	0	
52.934700	0	0.405760	0	1.427970	0	0.100107	0	0.312906	0	4.239120	0	0.093778	0	11.809400	0	
300.495695	1	0.711486	0	5.443780	0	0.123993	0	0.759845	0	10.485600	0	0.127500	0	25.234100	0	
6.208020	0	0.338781	0	1.023880	0	0.088295	0	0.239939	0	3.275030	0	0.085433	0	9.700810	0	
309.982666	1	0.491889	0	3.842720	0	0.115995	0	0.551855	0	7.993570	0	0.120727	0	19.250500	0	
300.942551	1	0.386917	0	3.379890	0	0.119994	0	0.447829	0	6.817430	0	0.123121	0	15.735800	0	
19.435200	0	0.707715	0	5.027950	0	0.125921	0	0.759835	0	10.325100	0	0.124805	0	25.489400	0	
252.237000	0	0.609559	0	2.567760	0	0.104166	0	0.439914	0	6.077330	0	0.103242	0	15.760200	0	
301.282598	1	0.264082	0	1.623940	0	0.086711	0	0.327782	0	4.439580	0	0.091087	0	11.882900	0	
6.769220	0	0.346478	0	1.575760	0	0.095615	0	0.371978	0	4.775310	0	0.090234	0	13.709200	0	
249.184000	0	0.281831	0	2.699940	0	0.117091	0	0.383965	0	5.981680	0	0.107874	0	13.603000	0	
4.048050	0	0.341781	0	1.072000	0	0.090621	0	0.267849	0	3.497040	0	0.085131	0	10.221700	0	
50.369800	0	0.350045	0	1.643860	0	0.100175	0	0.303819	0	4.474820	0	0.098866	0	10.895100	0	
14.309000	0	0.288810	0	1.731840	0	0.080604	0	0.351917	0	4.666210	0	0.088680	0	13.264600	0	
4.456550	0	0.527342	0	1.411910	0	0.078568	0	0.343929	0	4.443910	0	0.089560	0	13.142900	0	
301.063218	1	1.292940	0	9.671860	0	0.186492	0	0.863840	0	13.872000	0	0.163308	0	28.183200	0	
5.702640	0	0.212306	0	1.239830	0	0.085355	0	0.323958	0	4.011980	0	0.089593	0	11.729000	0	
5.200110	0	0.248861	0	1.423920	0	0.082242	0	0.327858	0	4.239040	0	0.093467	0	11.855400	0	
300.448642	1	0.645585	0	7.467380	0	0.147994	0	0.979974	0	13.370300	0	0.134494	0	32.688400	0	
154.426000	0	0.347275	0	1.847930	0	0.101234	0	0.383984	0	4.986380	0	0.100163	0	13.794100	0	
71.122000	0	0.421109	0	1.431740	0	0.080953	0	0.311970	0	4.215070	0	0.097879	0	11.883000	0	
22.062300	0	0.621849	0	2.371970	0	0.104664	0	0.471998	0	6.073490	0	0.102605	0	16.887900	0	
9.102420	0	0.373749	0	1.524010	0	0.093835	0	0.320011	0	4.320820	0	0.089456	0	11.868000	0	
1.813170	0	0.241417	0	0.672005	0	0.064234	0	0.223877	0	2.650120	0	0.076276	0	8.887360	0	
300.752637	1	0.532496	0	5.759750	0	0.129168	0	0.707974	0	10.302800	0	0.126941	0	24.210500	0	
301.065382	1	0.460640	0	4.615970	0	0.130477	0	0.559977	0	8.637310	0	0.117246	0	18.847300	0	
5.911690	0	0.378436	0	1.239950	0	0.080939	0	0.299953	0	3.833570	0	0.084979	0	10.993400	0	
132.858000	0	0.557242	0	1.983870	0	0.102429	0	0.391931	0	5.160000	0	0.092218	0	15.005500	0	
60.396100	0	0.309384	0	1.431810	0	0.084572	0	0.303941	0	4.239990	0	0.095452	0	10.958800	0	
301.354637	1	0.331056	0	9.578760	0	0.165597	0	0.863891	0	13.746600	0	0.155729	0	28.581600	0	
301.023574	1	0.389771	0	3.227850	0	0.121772	0	0.435965	0	6.554110	0	0.110853	0	15.742500	0	
301.169380	1	0.495322	0	3.683430	0	0.118505	0	0.479983	0	7.246080	0	0.116908	0	16.822300	0	
16.313000	0	0.402017	0	3.059250	0	0.099115	0	0.535985	0	7.097180	0	0.106141	0	19.317200	0	
22.997400	0	0.629165	0	4.951940	0	0.107977	0	0.747762	0	10.071100	0	0.123486	0	25.036700	0	
17.063500	0	0.460945	0	2.383920	0	0.103102	0	0.463115	0	6.193890	0	0.105036	0	16.933200	0	
300.954660	1	0.405802	0	3.375020	0	0.106401	0	0.487949	0	6.871030	0	0.115882	0	16.806800	0	
300.743488	1	0.489252	0	3.522930	0	0.117345	0	0.519895	0	7.399730	0	0.117415	0	17.959500	0	
20.724400	0	0.536493	0	3.847060	0	0.114092	0	0.667898	0	8.890250	0	0.117413	0	22.655900	0	
84.500800	0	0.734974	0	7.624000	0	0.147994	0	0.955843	0	13.495400	0	0.140852	0	32.916500	0	
300.906896	1	0.383699	0	5.207930	0	0.127124	0	0.743922	0	10.307000	0	0.129722	0	24.917100	0	
300.647030	1	0.558027	0	8.369540	0	0.160010	0	0.955971	0	13.865600	0	0.150304	0	32.895800	0	
300.787187	1	0.492659	0	2.918650	0	0.111998	0	0.467835	0	6.593670	0	0.103159	0	16.889900	0	
300.347437	1	0.658788	0	6.142060	0	0.129540	0	0.807916	0	11.416200	0	0.130189	0	27.095000	0	
41.048200	0	0.634055	0	5.455530	0	0.131481	0	0.701231	0	10.038800	0	0.124237	0	24.100900	0	
301.042909	1	2.865850	0	12.331000	0	0.195145	0	0.907968	0	16.544500	0	0.168541	0	29.568000	0	
209.259000	0	0.463647	0	4.914570	0	0.115571	0	0.751905	0	10.049000	0	0.115755	0	24.980200	0	
300.541535	1	0.380288	0	1.947230	0	0.103612	0	0.315992	0	4.685460	0	0.101331	0	11.732100	0	
9.756260	0	0.528089	0	1.655390	0	0.096059	0	0.311785	0	4.559330	0	0.099930	0	11.902200	0	
61.773500	0	0.282543	0	1.151710	0	0.089402	0	0.272000	0	3.550190	0	0.092551	0	10.273200	0	
300.610034	1	0.297683	0	2.511950	0	0.100919	0	0.443966	0	6.047830	0	0.105767	0	15.703600	0	
10.974200	0	0.363829	0	1.727940	0	0.099805	0	0.343869	0	4.822210	0	0.092711	0	13.198100	0	
301.148542	1	0.614448	0	4.367850	0	0.132852	0	0.535954	0	8.287910	0	0.123259	0	19.515400	0	
147.901000	0	0.525417	0	2.227770	0	0.105181	0	0.343882	0	5.211550	0	0.108123	0	13.135800	0	
212.924000	0	0.570652	0	2.335430	0	0.102046	0	0.403950	0	5.693410	0	0.106580	0	15.124700	0	
301.067016	1	0.531861	0	5.854370	0	0.137090	0	0.683963	0	10.125400	0	0.135741	0	22.531900	0	
4.596190	0	0.417261	0	1.135570	0	0.092003	0	0.255949	0	3.536330	0	0.087753	0	9.659930	0	
40.606100	0	0.482290	0	2.015820	0	0.100533	0	0.399975	0	5.217770	0	0.093569	0	14.950300	0	
300.648329	1	0.440815	0	8.915670	0	0.158886	0	0.783936	0	12.765100	0	0.152069	0	24.995200	0	
300.955875	1	0.615551	0	5.759450	0	0.124096	0	0.779670	0	10.700300	0	0.125932	0	24.974300	0	
301.424284	1	0.625623	0	4.231610	0	0.128062	0	0.543784	0	8.089820	0	0.128302	0	19.325400	0	
301.115679	1	0.435197	0	4.479860	0	0.127562	0	0.607996	0	8.988380	0	0.120949	0	21.983500	0	
88.598600	0	0.425826	0	3.891450	0	0.134028	0	0.479943	0	7.935840	0	0.113269	0	16.685600	0	
300.710068	1	0.820886	0	2.671700	0	0.103872	0	0.467844	0	6.344380	0	0.107681	0	16.812900	0	
15.823200	0	0.336984	0	1.975900	0	0.092751	0	0.371912	0	5.229200	0	0.101282	0	13.713800	0	
300.797240	1	0.690651	0	13.115200	0	0.245427	0	1.171860	0	17.145500	0	0.189770	0	38.114300	0	
40.572500	0	0.603936	0	2.563840	0	0.098315	0	0.459972	0	6.386610	0	0.105134	0	16.784700	0	
62.118300	0	0.444297	0	4.309200	0	0.130197	0	0.671658	0	9.119020	0	0.125344	0	22.786000	0	
250.994000	0	0.504433	0	6.971870	0	0.135916	0	0.855329	0	12.179800	0	0.145258	0	28.492200	0	
3.796920	0	0.407765	0	1.843520	0	0.097549	0	0.443929	0	5.409090	0	0.098108	0	15.722500	0	
16.616300	0	0.499421	0	3.531860	0	0.120018	0	0.539928	0	7.571500	0	0.112320	0	19.329700	0	
25.476100	0	0.317391	0	3.387870	0	0.123992	0	0.515825	0	7.193240	0	0.111520	0	18.002400	0	
300.601344	1	2.788820	0	9.307170	0	0.167971	0	1.084000	0	15.340500	0	0.157711	0	35.354500	0	
219.651000	0	0.657792	0	5.407640	0	0.132297	0	0.711944	0	10.265400	0	0.119238	0	24.149800	0	
184.524000	0	0.632162	0	4.059750	0	0.131234	0	0.667895	0	9.125840	0	0.122929	0	22.590500	0	
149.901000	0	0.231425	0	2.567920	0	0.111999	0	0.411760	0	6.251210	0	0.111579	0	14.982100	0	
300.611965	1	0.840794	0	13.567600	0	0.368313	0	1.307860	0	19.528800	0	0.244721	0	40.976500	0	
300.829529	1	0.407805	0	1.775960	0	0.093777	0	0.335997	0	4.764930	0	0.106277	0	13.071500	0	
33.717200	0	0.571911	0	3.263740	0	0.114155	0	0.547981	0	7.257880	0	0.108563	0	19.221200	0	
301.069022	1	0.553176	0	9.855230	0	0.175866	0	0.903877	0	13.824800	0	0.150104	0	30.300100	0	
9.803260	0	0.432943	0	1.605570	0	0.095997	0	0.367566	0	4.893820	0	0.098469	0	13.760400	0	
300.709631	1	0.439500	0	3.843610	0	0.119992	0	0.535972	0	7.890590	0	0.110133	0	19.347100	0	
300.654505	1	0.771464	0	4.091970	0	0.140588	0	0.579868	0	8.497270	0	0.119988	0	20.404200	0	
300.486981	1	0.554243	0	3.723830	0	0.131771	0	0.479807	0	7.411970	0	0.128117	0	16.916900	0	
300.787562	1	0.469020	0	3.019880	0	0.109521	0	0.475981	0	6.816880	0	0.113207	0	16.849600	0	
300.897247	1	0.355054	0	1.429730	0	0.097114	0	0.239983	0	3.892420	0	0.085717	0	9.659830	0	
117.961000	0	0.323160	0	7.283880	0	0.140201	0	0.903801	0	12.425700	0	0.137419	0	30.106100	0	
300.798419	1	0.476915	0	3.635860	0	0.120683	0	0.523974	0	7.911250	0	0.112234	0	17.630900	0	
6.094230	0	0.291493	0	0.987935	0	0.069296	0	0.271914	0	3.290640	0	0.083237	0	10.200100	0	
301.087305	1	0.236338	0	2.955870	0	0.112693	0	0.435967	0	6.239100	0	0.108488	0	15.868100	0	
301.244128	1	0.266803	0	2.307820	0	0.100059	0	0.331774	0	5.179700	0	0.096833	0	11.764000	0	
300.656744	1	0.504048	0	5.635450	0	0.142648	0	0.647684	0	9.666980	0	0.135482	0	21.595700	0	
301.002165	1	0.526104	0	8.679750	0	0.162731	0	0.755927	0	12.017600	0	0.149453	0	25.411000	0	
301.449172	1	0.388717	0	4.219550	0	0.117784	0	0.547816	0	8.045980	0	0.118177	0	19.176300	0	
301.041353	1	0.835233	0	3.695830	0	0.119195	0	0.535990	0	7.811590	0	0.114609	0	19.259900	0	
12.268500	0	0.309035	0	2.459840	0	0.107998	0	0.479841	0	6.199550	0	0.104513	0	16.832800	0	
