0.045102	0	0.032651	0	0.003106	0	0.005452	0	0.000000	0	0.010372	0	0.007258	0	0.007652	0	
0.048501	0	0.029904	0	0.002348	0	0.004813	0	0.000000	0	0.010197	0	0.007204	0	0.007623	0	
0.044558	0	0.032949	0	0.002883	0	0.005251	0	0.000000	0	0.010366	0	0.007245	0	0.007820	0	
0.048158	0	0.030261	0	0.003943	0	0.006315	0	0.001404	0	0.010456	0	0.007417	0	0.003861	0	
0.101814	0	0.036410	0	0.003933	0	0.007999	0	0.000000	0	0.017035	0	0.013603	0	0.008288	0	
0.094045	0	0.040010	0	0.004000	0	0.008000	0	0.000000	0	0.017002	0	0.013649	0	0.008403	0	
0.096531	0	0.034487	0	0.004000	0	0.009719	0	0.000000	0	0.016560	0	0.013941	0	0.008415	0	
0.097289	0	0.039476	0	0.004000	0	0.009723	0	0.000403	0	0.016653	0	0.013800	0	0.004159	0	
0.009548	0	0.007998	0	0.000000	0	0.000000	0	0.000000	0	0.000000	0	0.000000	0	0.000798	0	
0.008923	0	0.012072	0	0.000000	0	0.000000	0	0.000000	0	0.000000	0	0.000000	0	0.000794	0	
0.008870	0	0.012126	0	0.000000	0	0.000000	0	0.000000	0	0.000000	0	0.000000	0	0.000884	0	
0.010539	0	0.013477	0	0.000000	0	0.000000	0	0.000000	0	0.000000	0	0.000000	0	0.000994	0	
0.012540	0	0.019999	0	0.000000	0	0.000000	0	0.000000	0	0.000000	0	0.000000	0	0.001018	0	
0.004292	0	0.016315	0	0.000000	0	0.000000	0	0.000000	0	0.000000	0	0.000000	0	0.001251	0	
0.017906	0	0.021457	0	0.000000	0	0.000000	0	0.000000	0	0.000000	0	0.000000	0	0.000962	0	
0.007838	0	0.011236	0	0.000000	0	0.000000	0	0.000000	0	0.000000	0	0.000000	0	0.001119	0	
0.015827	0	0.014899	0	0.000000	0	0.000000	0	0.000000	0	0.000000	0	0.000000	0	0.001088	0	
0.255102	0	0.040927	0	0.003274	0	0.008000	0	0.000000	0	0.018536	0	0.014767	0	0.009969	0	
0.249686	0	0.037965	0	0.002969	0	0.007595	0	0.000000	0	0.016492	0	0.013024	0	0.008815	0	
0.236980	0	0.045374	0	0.004000	0	0.010274	0	0.000000	0	0.016176	0	0.012916	0	0.008678	0	
0.015714	0	0.012611	0	0.001239	0	0.002095	0	0.000000	0	0.005737	0	0.003609	0	0.006173	0	
0.018285	0	0.019064	0	0.000000	0	0.003999	0	0.002240	0	0.006056	0	0.004373	0	0.006780	0	
0.026960	0	0.021734	0	0.000000	0	0.003014	0	0.000000	0	0.005774	0	0.003923	0	0.005944	0	
0.020202	0	0.025343	0	0.000000	0	0.002111	0	0.000000	0	0.005844	0	0.003931	0	0.006029	0	
0.021368	0	0.020502	0	0.000000	0	0.003622	0	0.001860	0	0.005702	0	0.003962	0	0.006037	0	
0.019666	0	0.021337	0	0.000000	0	0.002140	0	0.000000	0	0.005942	0	0.004308	0	0.006610	0	
0.079526	0	0.031055	0	0.003285	0	0.005123	0	0.000000	0	0.013371	0	0.010299	0	0.004041	0	
0.084669	0	0.035643	0	0.003709	0	0.005732	0	0.000000	0	0.013658	0	0.010083	0	0.008081	0	
0.077072	0	0.026573	0	0.004000	0	0.006439	0	0.000000	0	0.013833	0	0.010669	0	0.008430	0	
0.097247	0	0.028833	0	0.000000	0	0.006986	0	0.004000	0	0.009036	0	0.010432	0	0.008169	0	
0.045649	0	0.022208	0	0.000000	0	0.007200	0	0.000000	0	0.012158	0	0.010070	0	0.006484	0	
0.040324	0	0.026208	0	0.004000	0	0.006134	0	0.000000	0	0.011697	0	0.010070	0	0.006491	0	
0.041091	0	0.026164	0	0.002232	0	0.005742	0	0.000000	0	0.012065	0	0.004995	0	0.006522	0	
0.036934	0	0.016729	0	0.003754	0	0.005001	0	0.000000	0	0.012044	0	0.010105	0	0.006552	0	
0.037322	0	0.021760	0	0.000054	0	0.007324	0	0.001335	0	0.012200	0	0.010061	0	0.006500	0	
0.044858	0	0.026236	0	0.003999	0	0.006507	0	0.000000	0	0.011954	0	0.009805	0	0.006370	0	
0.009249	0	0.016162	0	0.000000	0	0.000000	0	0.000000	0	0.000000	0	0.000000	0	0.000959	0	
0.015064	0	0.011910	0	0.000000	0	0.000000	0	0.000000	0	0.000000	0	0.000000	0	0.000942	0	
0.009426	0	0.015466	0	0.000000	0	0.000000	0	0.000000	0	0.000000	0	0.000000	0	0.000976	0	
0.004680	0	0.015463	0	0.000000	0	0.000000	0	0.000000	0	0.000000	0	0.000000	0	0.000703	0	
0.014162	0	0.011521	0	0.000000	0	0.000000	0	0.000000	0	0.000000	0	0.000000	0	0.000954	0	
0.014068	0	0.011626	0	0.000000	0	0.000000	0	0.000000	0	0.000000	0	0.000000	0	0.000997	0	
0.009430	0	0.011583	0	0.000000	0	0.000000	0	0.000000	0	0.000000	0	0.000000	0	0.000956	0	
0.009413	0	0.015514	0	0.000000	0	0.000000	0	0.000000	0	0.000000	0	0.000000	0	0.000953	0	
0.010570	0	0.015978	0	0.000000	0	0.000000	0	0.000000	0	0.000000	0	0.000000	0	0.000956	0	
0.014131	0	0.015547	0	0.000000	0	0.000000	0	0.000000	0	0.000000	0	0.000000	0	0.000963	0	
0.010614	0	0.011635	0	0.000000	0	0.000000	0	0.000000	0	0.000000	0	0.000000	0	0.000960	0	
0.014146	0	0.015707	0	0.000000	0	0.000000	0	0.000000	0	0.000000	0	0.000000	0	0.000980	0	
0.052656	0	0.031199	0	0.000000	0	0.002175	0	0.000000	0	0.010638	0	0.008702	0	0.003904	0	
0.052673	0	0.024622	0	0.000000	0	0.006917	0	0.002049	0	0.010780	0	0.008690	0	0.007502	0	
0.046606	0	0.024239	0	0.000000	0	0.003819	0	0.000000	0	0.010703	0	0.008532	0	0.007467	0	
0.052879	0	0.027609	0	0.000000	0	0.003999	0	0.000000	0	0.010711	0	0.008631	0	0.007311	0	
0.041446	0	0.032278	0	0.000000	0	0.003830	0	0.000000	0	0.010653	0	0.008513	0	0.007550	0	
0.053692	0	0.032233	0	0.000000	0	0.003896	0	0.000000	0	0.010675	0	0.008577	0	0.003748	0	
0.005752	0	0.011999	0	0.000000	0	0.000000	0	0.000000	0	0.000000	0	0.000000	0	0.000776	0	
0.007654	0	0.008562	0	0.000000	0	0.000000	0	0.000000	0	0.000000	0	0.000000	0	0.000000	0	
0.012166	0	0.012954	0	0.000000	0	0.000000	0	0.000000	0	0.000000	0	0.000000	0	0.000776	0	
0.004049	0	0.012893	0	0.000000	0	0.000000	0	0.000000	0	0.000000	0	0.000000	0	0.000762	0	
0.011397	0	0.008525	0	0.000000	0	0.000000	0	0.000000	0	0.000000	0	0.000000	0	0.000821	0	
0.007643	0	0.008621	0	0.000000	0	0.000000	0	0.000000	0	0.000000	0	0.000000	0	0.000847	0	
0.011486	0	0.008568	0	0.000000	0	0.000000	0	0.000000	0	0.000000	0	0.000000	0	0.000776	0	
0.010588	0	0.012118	0	0.000000	0	0.000000	0	0.000000	0	0.000000	0	0.000000	0	0.000767	0	
0.010577	0	0.014362	0	0.000000	0	0.000000	0	0.000000	0	0.000000	0	0.000000	0	0.000839	0	
0.012435	0	0.013186	0	0.000000	0	0.000000	0	0.000000	0	0.000000	0	0.000000	0	0.000766	0	
0.007702	0	0.013319	0	0.000000	0	0.000000	0	0.000000	0	0.000000	0	0.000000	0	0.000829	0	
0.007631	0	0.012842	0	0.000000	0	0.000000	0	0.000000	0	0.000000	0	0.000000	0	0.000800	0	
0.032551	0	0.023649	0	0.000000	0	0.003946	0	0.000000	0	0.003970	0	0.006139	0	0.006703	0	
0.036460	0	0.024595	0	0.000000	0	0.003206	0	0.000000	0	0.007709	0	0.005761	0	0.006765	0	
0.031745	0	0.023747	0	0.000000	0	0.004566	0	0.000000	0	0.007894	0	0.005704	0	0.006600	0	
0.031559	0	0.021628	0	0.000000	0	0.002904	0	0.000000	0	0.007919	0	0.005652	0	0.006764	0	
0.032185	0	0.024008	0	0.000000	0	0.002901	0	0.000000	0	0.007887	0	0.005816	0	0.006841	0	
0.037702	0	0.021386	0	0.000000	0	0.003999	0	0.000000	0	0.007909	0	0.005806	0	0.006840	0	
0.028341	0	0.027290	0	0.000000	0	0.002250	0	0.000000	0	0.007890	0	0.005637	0	0.006798	0	
0.039121	0	0.038483	0	0.000000	0	0.004776	0	0.000000	0	0.010527	0	0.007273	0	0.008221	0	
0.046591	0	0.040809	0	0.002510	0	0.005962	0	0.000000	0	0.010449	0	0.006920	0	0.008159	0	
0.039551	0	0.040550	0	0.000000	0	0.006874	0	0.001991	0	0.010564	0	0.007394	0	0.008241	0	
0.040005	0	0.037048	0	0.000000	0	0.003666	0	0.000000	0	0.010513	0	0.007375	0	0.007876	0	
0.044674	0	0.035529	0	0.000000	0	0.003636	0	0.000000	0	0.012078	0	0.007240	0	0.008699	0	
0.029890	0	0.016672	0	0.001494	0	0.002409	0	0.000000	0	0.006074	0	0.004174	0	0.006369	0	
0.018928	0	0.025589	0	0.000000	0	0.003516	0	0.001435	0	0.003086	0	0.004147	0	0.006047	0	
0.029811	0	0.029039	0	0.001920	0	0.002203	0	0.000000	0	0.005654	0	0.004036	0	0.006100	0	
0.032351	0	0.021700	0	0.001258	0	0.002376	0	0.000000	0	0.003051	0	0.004131	0	0.006570	0	
0.030039	0	0.021224	0	0.000000	0	0.004613	0	0.000000	0	0.006029	0	0.004154	0	0.006225	0	
0.015058	0	0.019102	0	0.001341	0	0.002186	0	0.000000	0	0.006122	0	0.004176	0	0.006050	0	
0.023266	0	0.026731	0	0.000000	0	0.002038	0	0.001706	0	0.006101	0	0.004085	0	0.006082	0	
0.069013	0	0.031321	0	0.002740	0	0.005883	0	0.000000	0	0.010210	0	0.007336	0	0.007999	0	
0.072200	0	0.027414	0	0.002324	0	0.005563	0	0.000000	0	0.009689	0	0.006802	0	0.008387	0	
0.064453	0	0.024972	0	0.000000	0	0.003698	0	0.000000	0	0.010347	0	0.007337	0	0.008272	0	
0.069153	0	0.027478	0	0.002317	0	0.005215	0	0.000000	0	0.006855	0	0.003605	0	0.008425	0	
0.068783	0	0.029671	0	0.000000	0	0.003992	0	0.000000	0	0.010299	0	0.007320	0	0.008174	0	
0.078038	0	0.033585	0	0.000000	0	0.007295	0	0.000000	0	0.014788	0	0.011007	0	0.008395	0	
0.074068	0	0.032469	0	0.003962	0	0.008914	0	0.000000	0	0.014738	0	0.010824	0	0.008666	0	
0.079940	0	0.036077	0	0.003787	0	0.009717	0	0.002086	0	0.014774	0	0.010966	0	0.008404	0	
0.072831	0	0.035793	0	0.003999	0	0.009922	0	0.002092	0	0.014776	0	0.010905	0	0.008513	0	
0.060818	0	0.036507	0	0.003999	0	0.009640	0	0.002047	0	0.014762	0	0.010854	0	0.008438	0	
0.035286	0	0.023881	0	0.000000	0	0.007013	0	0.002072	0	0.010821	0	0.007683	0	0.007531	0	
0.035447	0	0.029375	0	0.000000	0	0.006619	0	0.001873	0	0.010664	0	0.007641	0	0.007518	0	
0.030973	0	0.023683	0	0.003412	0	0.005906	0	0.000000	0	0.010718	0	0.008408	0	0.007508	0	
0.035958	0	0.024079	0	0.000000	0	0.007138	0	0.000000	0	0.010695	0	0.007867	0	0.007428	0	
0.039135	0	0.027674	0	0.000000	0	0.003861	0	0.000000	0	0.010964	0	0.007697	0	0.007503	0	
