4.413180	0	97.991800	0	0.028000	0	0.067999	0	0.000000	0	0.087888	0	0.054162	0	0.025658	0	
15.869500	0	21.883800	0	0.032000	0	0.071881	0	0.000000	0	0.092456	0	0.052321	0	0.025520	0	
1.251730	0	11.990900	0	0.012061	0	0.051999	0	0.000000	0	0.069300	0	0.049700	0	0.020695	0	
3.123590	0	0.991608	0	0.031507	0	0.072000	0	0.004000	0	0.093666	0	0.056864	0	0.025234	0	
21.163600	0	300.205720	1	0.029811	0	0.071999	0	0.000000	0	0.095933	0	0.061090	0	0.021831	0	
10.506100	0	3.251590	0	0.036000	0	0.082556	0	0.004000	0	0.104000	0	0.065017	0	0.028049	0	
1.768630	0	1.798570	0	0.035999	0	0.079995	0	0.000000	0	0.093681	0	0.060093	0	0.028446	0	
3.145310	0	1.179420	0	0.028000	0	0.071999	0	0.000000	0	0.084476	0	0.052470	0	0.023802	0	
2.233220	0	87.444300	0	0.027999	0	0.063995	0	0.003999	0	0.080866	0	0.052698	0	0.023282	0	
3.642820	0	0.709983	0	0.036000	0	0.075979	0	0.000000	0	0.103838	0	0.060928	0	0.026311	0	
5.786820	0	14.610000	0	0.032000	0	0.076000	0	0.000000	0	0.100566	0	0.068336	0	0.026723	0	
4.533480	0	149.996000	0	0.032000	0	0.076000	0	0.000000	0	0.093010	0	0.060138	0	0.026916	0	
2.494570	0	0.256289	0	0.036000	0	0.076111	0	0.004000	0	0.093870	0	0.059990	0	0.026684	0	
7.504500	0	256.559000	0	0.036001	0	0.075999	0	0.000000	0	0.100000	0	0.059574	0	0.028796	0	
4.994580	0	8.866510	0	0.035054	0	0.084000	0	0.003993	0	0.105612	0	0.063550	0	0.023647	0	
1.889010	0	30.403000	0	0.024000	0	0.059999	0	0.000000	0	0.084828	0	0.053105	0	0.023891	0	
9.208960	0	300.247984	1	0.031999	0	0.079999	0	0.000000	0	0.099999	0	0.061593	0	0.025902	0	
5.538180	0	0.178186	0	0.024000	0	0.063999	0	0.004000	0	0.081060	0	0.052962	0	0.023224	0	
7.594680	0	7.997400	0	0.020000	0	0.051999	0	0.003716	0	0.068752	0	0.039871	0	0.022257	0	
3.370580	0	65.216800	0	0.028000	0	0.068000	0	0.000000	0	0.088242	0	0.060762	0	0.026442	0	
6.363260	0	1.807740	0	0.040000	0	0.084000	0	0.000000	0	0.103999	0	0.066340	0	0.028189	0	
3.406170	0	300.226427	1	0.027999	0	0.064000	0	0.003890	0	0.088906	0	0.054573	0	0.025871	0	
11.327700	0	4.475430	0	0.028000	0	0.067999	0	0.002433	0	0.085641	0	0.053739	0	0.025436	0	
10.668900	0	51.521600	0	0.040000	0	0.085886	0	0.000000	0	0.096052	0	0.063494	0	0.027166	0	
1.813670	0	2.687020	0	0.032001	0	0.075981	0	0.003999	0	0.092901	0	0.067625	0	0.023095	0	
5.730470	0	26.916900	0	0.027414	0	0.064000	0	0.003992	0	0.085420	0	0.052403	0	0.024694	0	
5.695980	0	16.036100	0	0.040000	0	0.088000	0	0.000000	0	0.108043	0	0.070002	0	0.029451	0	
2.417310	0	1.613040	0	0.024000	0	0.056000	0	0.000000	0	0.075512	0	0.050457	0	0.023913	0	
3.430440	0	1.908120	0	0.016000	0	0.047999	0	0.004000	0	0.060240	0	0.043502	0	0.021624	0	
2.456680	0	2.129070	0	0.024000	0	0.063999	0	0.003825	0	0.077146	0	0.052067	0	0.024075	0	
6.615670	0	0.350208	0	0.020000	0	0.051999	0	0.003762	0	0.070154	0	0.043421	0	0.018779	0	
5.086340	0	12.077100	0	0.032000	0	0.076180	0	0.000000	0	0.097053	0	0.068000	0	0.019672	0	
3.184380	0	300.272669	1	0.032000	0	0.061411	0	0.000000	0	0.088512	0	0.052355	0	0.024000	0	
4.627020	0	300.258984	1	0.028000	0	0.067824	0	0.000000	0	0.084528	0	0.049389	0	0.025970	0	
6.060740	0	3.142990	0	0.028000	0	0.072000	0	0.004000	0	0.087527	0	0.057173	0	0.022580	0	
0.050829	0	0.055024	0	0.000000	0	0.000000	0	0.000000	0	0.000000	0	0.000000	0	0.001747	0	
0.059446	0	0.066929	0	0.000000	0	0.000000	0	0.000000	0	0.000000	0	0.000000	0	0.002106	0	
0.069181	0	0.052461	0	0.000000	0	0.000000	0	0.000000	0	0.000000	0	0.000000	0	0.002095	0	
0.847774	0	0.446067	0	0.020000	0	0.048000	0	0.000000	0	0.068357	0	0.043277	0	0.020923	0	
2.308420	0	99.848300	0	0.044000	0	0.096000	0	0.000000	0	0.112643	0	0.076113	0	0.025454	0	
8.425960	0	46.649000	0	0.024000	0	0.060000	0	0.003704	0	0.073062	0	0.048000	0	0.019138	0	
6.722490	0	0.170259	0	0.028000	0	0.064000	0	0.000000	0	0.080157	0	0.052977	0	0.024618	0	
5.598790	0	2.137050	0	0.020000	0	0.055986	0	0.000000	0	0.073816	0	0.052286	0	0.022403	0	
4.854420	0	26.105900	0	0.019999	0	0.055999	0	0.000000	0	0.076413	0	0.046288	0	0.022707	0	
5.078890	0	300.219623	1	0.036000	0	0.075999	0	0.000000	0	0.093096	0	0.060218	0	0.028709	0	
7.475620	0	0.306417	0	0.028000	0	0.063999	0	0.003999	0	0.084000	0	0.052271	0	0.024230	0	
1.699200	0	0.781554	0	0.024000	0	0.066609	0	0.000000	0	0.084376	0	0.049650	0	0.024555	0	
2.153700	0	0.123887	0	0.020000	0	0.055182	0	0.000000	0	0.077584	0	0.047994	0	0.019462	0	
4.410040	0	0.426953	0	0.028000	0	0.060000	0	0.000000	0	0.080142	0	0.051589	0	0.025113	0	
6.793440	0	9.989830	0	0.035873	0	0.083955	0	0.000000	0	0.104000	0	0.071298	0	0.029837	0	
3.932890	0	6.018870	0	0.032000	0	0.071951	0	0.003999	0	0.093075	0	0.057990	0	0.020887	0	
12.893900	0	75.605900	0	0.024000	0	0.059999	0	0.000000	0	0.072323	0	0.048889	0	0.023556	0	
6.331080	0	124.966000	0	0.044000	0	0.092000	0	0.003001	0	0.109462	0	0.067331	0	0.033150	0	
1.363430	0	1.188720	0	0.020000	0	0.055648	0	0.000000	0	0.069206	0	0.049833	0	0.023852	0	
7.664510	0	1.888100	0	0.024000	0	0.060000	0	0.000000	0	0.080000	0	0.049651	0	0.023769	0	
6.260830	0	22.639800	0	0.024000	0	0.056070	0	0.000000	0	0.077472	0	0.050245	0	0.024745	0	
5.722830	0	0.415674	0	0.028000	0	0.068000	0	0.004000	0	0.087999	0	0.054573	0	0.020454	0	
11.924700	0	1.890690	0	0.035999	0	0.079846	0	0.004000	0	0.101749	0	0.060526	0	0.027804	0	
4.256600	0	1.788800	0	0.024000	0	0.063999	0	0.000000	0	0.084001	0	0.051762	0	0.024638	0	
4.563420	0	24.810300	0	0.024000	0	0.053708	0	0.003999	0	0.073345	0	0.048000	0	0.023575	0	
6.895610	0	30.082300	0	0.031952	0	0.067995	0	0.003551	0	0.090069	0	0.055999	0	0.024690	0	
8.355810	0	0.581064	0	0.036000	0	0.083999	0	0.000000	0	0.103973	0	0.069340	0	0.028582	0	
3.618850	0	0.259271	0	0.024000	0	0.059334	0	0.000000	0	0.079396	0	0.045873	0	0.023709	0	
2.563210	0	0.444434	0	0.028000	0	0.065113	0	0.000000	0	0.080126	0	0.055999	0	0.025816	0	
5.722960	0	62.479300	0	0.036000	0	0.080000	0	0.000000	0	0.096002	0	0.064064	0	0.025254	0	
5.253920	0	2.087550	0	0.031997	0	0.068106	0	0.000000	0	0.092852	0	0.059591	0	0.027277	0	
4.928990	0	0.392239	0	0.032000	0	0.072000	0	0.000000	0	0.085531	0	0.062393	0	0.025009	0	
2.447280	0	25.962000	0	0.024000	0	0.060000	0	0.000000	0	0.077003	0	0.051999	0	0.024090	0	
3.934310	0	199.789000	0	0.028000	0	0.076000	0	0.000000	0	0.096584	0	0.062229	0	0.028071	0	
12.037900	0	1.643550	0	0.032000	0	0.076000	0	0.000000	0	0.093860	0	0.061567	0	0.027443	0	
1.091620	0	0.755381	0	0.036000	0	0.076000	0	0.004000	0	0.097033	0	0.061168	0	0.025493	0	
6.019110	0	0.266928	0	0.035999	0	0.075293	0	0.000000	0	0.097327	0	0.062348	0	0.028044	0	
10.384200	0	2.674700	0	0.028000	0	0.067946	0	0.000000	0	0.085979	0	0.056000	0	0.025717	0	
2.024710	0	0.181309	0	0.020000	0	0.056000	0	0.003364	0	0.078385	0	0.047298	0	0.023313	0	
4.821660	0	71.289700	0	0.028007	0	0.064000	0	0.000000	0	0.088414	0	0.051022	0	0.023952	0	
5.765430	0	8.277860	0	0.024000	0	0.056000	0	0.000000	0	0.070609	0	0.046897	0	0.022696	0	
12.446800	0	1.830700	0	0.033226	0	0.080000	0	0.003972	0	0.099995	0	0.062549	0	0.027451	0	
5.024690	0	31.170900	0	0.027997	0	0.072000	0	0.003999	0	0.092000	0	0.058442	0	0.026671	0	
1.186200	0	0.454378	0	0.023999	0	0.059996	0	0.000000	0	0.080170	0	0.052611	0	0.023958	0	
1.003450	0	49.363600	0	0.020000	0	0.059876	0	0.000000	0	0.072077	0	0.048000	0	0.019769	0	
2.186340	0	86.551000	0	0.020000	0	0.063999	0	0.000000	0	0.080814	0	0.059035	0	0.024508	0	
7.331210	0	1.144250	0	0.028000	0	0.063999	0	0.003999	0	0.084000	0	0.051661	0	0.024430	0	
7.799030	0	1.702630	0	0.023999	0	0.064000	0	0.000000	0	0.079995	0	0.052899	0	0.024108	0	
1.588530	0	0.185512	0	0.020000	0	0.047951	0	0.003742	0	0.063999	0	0.043176	0	0.020209	0	
3.146530	0	0.417815	0	0.036000	0	0.076000	0	0.004000	0	0.095998	0	0.051415	0	0.024981	0	
14.376800	0	300.226013	1	0.048000	0	0.104135	0	0.000000	0	0.128627	0	0.089630	0	0.031238	0	
4.289420	0	4.071790	0	0.032000	0	0.068185	0	0.004000	0	0.088948	0	0.066749	0	0.027018	0	
6.712440	0	300.229776	1	0.036000	0	0.079752	0	0.004000	0	0.100940	0	0.064848	0	0.028094	0	
1.195500	0	6.630810	0	0.028000	0	0.067999	0	0.000000	0	0.088366	0	0.054772	0	0.023809	0	
2.165610	0	39.439200	0	0.031735	0	0.064241	0	0.003585	0	0.093179	0	0.061200	0	0.025992	0	
3.287960	0	101.018000	0	0.032000	0	0.070314	0	0.000000	0	0.096543	0	0.059700	0	0.027364	0	
5.920060	0	14.042600	0	0.031066	0	0.071849	0	0.000000	0	0.092828	0	0.051794	0	0.027185	0	
6.112950	0	0.429017	0	0.027993	0	0.071996	0	0.001730	0	0.088138	0	0.054433	0	0.020480	0	
9.517090	0	103.517000	0	0.037928	0	0.091998	0	0.003999	0	0.115782	0	0.065554	0	0.028603	0	
2.923840	0	300.219986	1	0.024000	0	0.063952	0	0.003807	0	0.082205	0	0.051242	0	0.025457	0	
2.738040	0	0.329760	0	0.016000	0	0.047956	0	0.003483	0	0.060655	0	0.041547	0	0.020563	0	
5.981730	0	24.035000	0	0.028000	0	0.069556	0	0.001429	0	0.081647	0	0.057004	0	0.026452	0	
4.156350	0	25.436600	0	0.032000	0	0.076000	0	0.004000	0	0.097633	0	0.061493	0	0.026177	0	
2.682440	0	34.765200	0	0.028000	0	0.064000	0	0.001379	0	0.082446	0	0.049484	0	0.023778	0	
8.176280	0	0.910098	0	0.032000	0	0.075999	0	0.003709	0	0.092216	0	0.055523	0	0.026492	0	
